Price Resolution OpticalZoom DigitalZoom Weight StorageIncluded
0.166666666667 0.166666666667 0.166666666667 0.166666666667 0.166666666667 0.166666666667
0.166666666667 0.166666666667 0.166666666667 0.166666666667 0.166666666667 0.166666666667
0.0833333333333 0.0833333333333 0.333333333333 0.333333333333 0.0833333333333 0.0833333333333
0.0666666666667 0.0666666666667 0.266666666667 0.266666666667 0.266666666667 0.0666666666667
0.133333333333 0.0333333333333 0.133333333333 0.133333333333 0.533333333333 0.0333333333333
0.380952380952 0.0238095238095 0.0952380952381 0.0952380952381 0.380952380952 0.0238095238095
0.355555555556 0.0888888888889 0.0888888888889 0.0888888888889 0.355555555556 0.0222222222222
0.280701754386 0.280701754386 0.0701754385965 0.0701754385965 0.280701754386 0.0175438596491
0.197530864198 0.197530864198 0.197530864198 0.197530864198 0.197530864198 0.0123456790123
0.0711111111111 0.284444444444 0.0711111111111 0.284444444444 0.284444444444 0.00444444444444
0.0701754385965 0.280701754386 0.0701754385965 0.280701754386 0.280701754386 0.0175438596491
0.090395480226 0.361581920904 0.090395480226 0.090395480226 0.361581920904 0.00564971751412
0.166666666667 0.166666666667 0.166666666667 0.166666666667 0.166666666667 0.166666666667
0.047619047619 0.190476190476 0.190476190476 0.190476190476 0.190476190476 0.190476190476
0.166666666667 0.166666666667 0.166666666667 0.166666666667 0.166666666667 0.166666666667
0.222222222222 0.222222222222 0.0555555555556 0.222222222222 0.222222222222 0.0555555555556
0.166666666667 0.166666666667 0.166666666667 0.166666666667 0.166666666667 0.166666666667
0.222222222222 0.222222222222 0.0555555555556 0.222222222222 0.222222222222 0.0555555555556
