Price Resolution OpticalZoom DigitalZoom Weight StorageIncluded
0.166666666667 0.166666666667 0.166666666667 0.166666666667 0.166666666667 0.166666666667
0.166666666667 0.166666666667 0.166666666667 0.166666666667 0.166666666667 0.166666666667
0.166666666667 0.166666666667 0.166666666667 0.166666666667 0.166666666667 0.166666666667
0.0555555555556 0.222222222222 0.222222222222 0.222222222222 0.0555555555556 0.222222222222
0.111111111111 0.111111111111 0.444444444444 0.111111111111 0.111111111111 0.111111111111
0.266666666667 0.0666666666667 0.266666666667 0.0666666666667 0.266666666667 0.0666666666667
0.266666666667 0.0666666666667 0.266666666667 0.0666666666667 0.266666666667 0.0666666666667
0.266666666667 0.0666666666667 0.266666666667 0.0666666666667 0.266666666667 0.0666666666667
0.380952380952 0.0238095238095 0.0952380952381 0.0952380952381 0.380952380952 0.0238095238095
0.688172043011 0.0430107526882 0.0430107526882 0.0430107526882 0.172043010753 0.010752688172
0.380952380952 0.0952380952381 0.0238095238095 0.0952380952381 0.380952380952 0.0238095238095
0.280701754386 0.280701754386 0.0175438596491 0.0701754385965 0.280701754386 0.0701754385965
0.418300653595 0.104575163399 0.00653594771242 0.0261437908497 0.418300653595 0.0261437908497
0.387878787879 0.0969696969697 0.00606060606061 0.0969696969697 0.387878787879 0.0242424242424
0.632098765432 0.0395061728395 0.00246913580247 0.158024691358 0.158024691358 0.00987654320988
0.550537634409 0.137634408602 0.00215053763441 0.137634408602 0.137634408602 0.0344086021505
0.550537634409 0.137634408602 0.00215053763441 0.137634408602 0.137634408602 0.0344086021505
0.550537634409 0.137634408602 0.00215053763441 0.137634408602 0.137634408602 0.0344086021505
0.615015015015 0.153753753754 0.000600600600601 0.153753753754 0.0384384384384 0.0384384384384
0.550537634409 0.137634408602 0.00215053763441 0.137634408602 0.137634408602 0.0344086021505
0.566058595909 0.141514648977 0.000552791597568 0.141514648977 0.141514648977 0.00884466556108
0.397361272798 0.397361272798 0.000388048117967 0.0993403181995 0.0993403181995 0.00620876988747
0.159501557632 0.63800623053 0.000623052959502 0.159501557632 0.0398753894081 0.00249221183801
0.307230723072 0.307230723072 0.000300030003 0.307230723072 0.0768076807681 0.001200120012
0.306128550075 0.306128550075 0.000298953662182 0.306128550075 0.0765321375187 0.00478325859492
0.638304503662 0.159576125916 0.000155836060464 0.159576125916 0.0398940314789 0.00249337696743
0.306197204156 0.306197204156 7.4755176796e-05 0.306197204156 0.0765493010391 0.00478433131494
0.306197204156 0.306197204156 7.4755176796e-05 0.306197204156 0.0765493010391 0.00478433131494
0.570136061523 0.142534015381 3.47983435988e-05 0.142534015381 0.142534015381 0.00222709399033
0.306214372489 0.306214372489 1.86898420708e-05 0.306214372489 0.0765535931221 0.00478459957013
0.638397771219 0.159599442805 9.741176929e-06 0.159599442805 0.0398998607012 0.00249374129382
0.324871486003 0.324871486003 4.95714547735e-06 0.324871486003 0.0203044678752 0.0050761169688
0.324871486003 0.324871486003 4.95714547735e-06 0.324871486003 0.0203044678752 0.0050761169688
0.658096034262 0.164524008566 2.51043714242e-06 0.164524008566 0.0102827505354 0.00257068763384
0.166666666667 0.166666666667 0.166666666667 0.166666666667 0.166666666667 0.166666666667
0.0555555555556 0.222222222222 0.0555555555556 0.222222222222 0.222222222222 0.222222222222
0.0555555555556 0.222222222222 0.0555555555556 0.222222222222 0.222222222222 0.222222222222
0.121212121212 0.121212121212 0.030303030303 0.121212121212 0.484848484848 0.121212121212
0.121212121212 0.121212121212 0.030303030303 0.121212121212 0.484848484848 0.121212121212
0.152380952381 0.0380952380952 0.00952380952381 0.152380952381 0.609523809524 0.0380952380952
0.124031007752 0.124031007752 0.0077519379845 0.124031007752 0.496124031008 0.124031007752
0.137634408602 0.137634408602 0.00215053763441 0.137634408602 0.550537634409 0.0344086021505
0.301531213192 0.075382803298 0.00117785630153 0.301531213192 0.301531213192 0.0188457008245
0.429350104822 0.0268343815514 0.00041928721174 0.107337526205 0.429350104822 0.00670859538784
0.397361272798 0.0993403181995 0.000388048117967 0.0993403181995 0.397361272798 0.00620876988747
0.725084085679 0.0453177553549 0.000177022481855 0.0453177553549 0.18127102142 0.00283235970968
0.638304503662 0.0398940314789 0.000155836060464 0.159576125916 0.159576125916 0.00249337696743
0.307299872459 0.0768249681146 7.50243829245e-05 0.307299872459 0.307299872459 0.00120039012679
0.249012098 0.249012098 6.07939692383e-05 0.249012098 0.249012098 0.00389081403125
0.307317164669 0.307317164669 1.87571511639e-05 0.0768292911673 0.307317164669 0.00120045767449
0.432247043537 0.108061760884 6.59556646023e-06 0.0270154402211 0.432247043537 0.000422116253454
0.399841371526 0.0999603428815 6.10109514658e-06 0.0999603428815 0.399841371526 0.000390470089381
0.307321488026 0.307321488026 4.68935376016e-06 0.0768303720064 0.307321488026 0.0012004745626
0.432249181733 0.108062295433 1.64889977163e-06 0.0270155738583 0.432249181733 0.000422118341537
0.181688637529 0.0454221593823 2.77234859511e-06 0.0454221593823 0.726754550117 0.000709721240349
0.181688637529 0.0454221593823 2.77234859511e-06 0.0454221593823 0.726754550117 0.000709721240349
0.399373541259 0.0998433853148 6.09395662322e-06 0.0998433853148 0.399373541259 0.00156005289554
0.306218664872 0.306218664872 4.67252601429e-06 0.0765546662181 0.306218664872 0.00478466663863
0.399375366591 0.0998438416478 1.52349611889e-06 0.0998438416478 0.399375366591 0.00156006002575
0.166666666667 0.166666666667 0.166666666667 0.166666666667 0.166666666667 0.166666666667
