Price Resolution OpticalZoom DigitalZoom Weight StorageIncluded
0.166666666667 0.166666666667 0.166666666667 0.166666666667 0.166666666667 0.166666666667
0.190476190476 0.190476190476 0.047619047619 0.190476190476 0.190476190476 0.190476190476
0.166666666667 0.166666666667 0.166666666667 0.166666666667 0.166666666667 0.166666666667
0.333333333333 0.0833333333333 0.0833333333333 0.0833333333333 0.0833333333333 0.333333333333
0.533333333333 0.0333333333333 0.0333333333333 0.133333333333 0.133333333333 0.133333333333
0.355555555556 0.0888888888889 0.0222222222222 0.0888888888889 0.0888888888889 0.355555555556
0.266666666667 0.0666666666667 0.0666666666667 0.0666666666667 0.266666666667 0.266666666667
0.355555555556 0.0888888888889 0.0222222222222 0.0888888888889 0.355555555556 0.0888888888889
0.231884057971 0.231884057971 0.0144927536232 0.231884057971 0.231884057971 0.0579710144928
0.387878787879 0.387878787879 0.00606060606061 0.0969696969697 0.0969696969697 0.0242424242424
0.717086834734 0.179271708683 0.00280112044818 0.0448179271709 0.0448179271709 0.0112044817927
0.166666666667 0.166666666667 0.166666666667 0.166666666667 0.166666666667 0.166666666667
0.0666666666667 0.266666666667 0.266666666667 0.266666666667 0.0666666666667 0.0666666666667
0.121212121212 0.484848484848 0.121212121212 0.121212121212 0.121212121212 0.030303030303
0.172043010753 0.688172043011 0.0430107526882 0.0430107526882 0.0430107526882 0.010752688172
0.418300653595 0.418300653595 0.0261437908497 0.0261437908497 0.104575163399 0.00653594771242
0.166666666667 0.166666666667 0.166666666667 0.166666666667 0.166666666667 0.166666666667
0.0666666666667 0.0666666666667 0.266666666667 0.266666666667 0.0666666666667 0.266666666667
0.190476190476 0.047619047619 0.190476190476 0.190476190476 0.190476190476 0.190476190476
0.111111111111 0.111111111111 0.444444444444 0.111111111111 0.111111111111 0.111111111111
0.222222222222 0.222222222222 0.222222222222 0.0555555555556 0.222222222222 0.0555555555556
0.533333333333 0.133333333333 0.133333333333 0.0333333333333 0.133333333333 0.0333333333333
0.166666666667 0.166666666667 0.166666666667 0.166666666667 0.166666666667 0.166666666667
0.266666666667 0.0666666666667 0.266666666667 0.266666666667 0.0666666666667 0.0666666666667
0.484848484848 0.121212121212 0.121212121212 0.121212121212 0.121212121212 0.030303030303
0.79012345679 0.0493827160494 0.0493827160494 0.0493827160494 0.0493827160494 0.0123456790123
0.166666666667 0.166666666667 0.166666666667 0.166666666667 0.166666666667 0.166666666667
0.0666666666667 0.266666666667 0.266666666667 0.266666666667 0.0666666666667 0.0666666666667
0.121212121212 0.484848484848 0.121212121212 0.121212121212 0.121212121212 0.030303030303
0.172043010753 0.688172043011 0.0430107526882 0.0430107526882 0.0430107526882 0.010752688172
0.418300653595 0.418300653595 0.0261437908497 0.0261437908497 0.104575163399 0.00653594771242
