Price Resolution OpticalZoom DigitalZoom Weight StorageIncluded
0.166666666667 0.166666666667 0.166666666667 0.166666666667 0.166666666667 0.166666666667
0.190476190476 0.190476190476 0.190476190476 0.190476190476 0.190476190476 0.047619047619
0.355555555556 0.0888888888889 0.0888888888889 0.0888888888889 0.355555555556 0.0222222222222
0.45390070922 0.0283687943262 0.0283687943262 0.0283687943262 0.45390070922 0.00709219858156
0.742028985507 0.0115942028986 0.0115942028986 0.0463768115942 0.185507246377 0.00289855072464
0.166666666667 0.166666666667 0.166666666667 0.166666666667 0.166666666667 0.166666666667
0.0666666666667 0.0666666666667 0.266666666667 0.266666666667 0.0666666666667 0.266666666667
0.0555555555556 0.0555555555556 0.222222222222 0.222222222222 0.222222222222 0.222222222222
0.190476190476 0.047619047619 0.190476190476 0.190476190476 0.190476190476 0.190476190476
0.355555555556 0.0222222222222 0.0888888888889 0.0888888888889 0.355555555556 0.0888888888889
0.172043010753 0.010752688172 0.0430107526882 0.0430107526882 0.688172043011 0.0430107526882
0.166666666667 0.166666666667 0.166666666667 0.166666666667 0.166666666667 0.166666666667
0.190476190476 0.190476190476 0.190476190476 0.190476190476 0.047619047619 0.190476190476
0.444444444444 0.111111111111 0.111111111111 0.111111111111 0.111111111111 0.111111111111
0.666666666667 0.0416666666667 0.0416666666667 0.0416666666667 0.166666666667 0.0416666666667
0.166666666667 0.166666666667 0.166666666667 0.166666666667 0.166666666667 0.166666666667
0.222222222222 0.0555555555556 0.222222222222 0.222222222222 0.222222222222 0.0555555555556
0.355555555556 0.0888888888889 0.0888888888889 0.0888888888889 0.355555555556 0.0222222222222
0.609523809524 0.152380952381 0.0380952380952 0.0380952380952 0.152380952381 0.00952380952381
0.166666666667 0.166666666667 0.166666666667 0.166666666667 0.166666666667 0.166666666667
0.0666666666667 0.266666666667 0.266666666667 0.266666666667 0.0666666666667 0.0666666666667
0.190476190476 0.190476190476 0.190476190476 0.190476190476 0.190476190476 0.047619047619
0.355555555556 0.0888888888889 0.0888888888889 0.0888888888889 0.355555555556 0.0222222222222
0.609523809524 0.0380952380952 0.0380952380952 0.152380952381 0.152380952381 0.00952380952381
