Price Resolution OpticalZoom DigitalZoom Weight StorageIncluded
0.166666666667 0.166666666667 0.166666666667 0.166666666667 0.166666666667 0.166666666667
0.0833333333333 0.0833333333333 0.333333333333 0.333333333333 0.0833333333333 0.0833333333333
0.0666666666667 0.0666666666667 0.266666666667 0.266666666667 0.266666666667 0.0666666666667
0.0952380952381 0.0238095238095 0.0952380952381 0.380952380952 0.380952380952 0.0238095238095
0.0444444444444 0.0111111111111 0.0444444444444 0.177777777778 0.711111111111 0.0111111111111
0.0430107526882 0.0430107526882 0.0430107526882 0.172043010753 0.688172043011 0.010752688172
0.0416666666667 0.0416666666667 0.0416666666667 0.166666666667 0.666666666667 0.0416666666667
0.0533333333333 0.0133333333333 0.0133333333333 0.0533333333333 0.853333333333 0.0133333333333
0.0549828178694 0.00343642611684 0.00343642611684 0.0549828178694 0.879725085911 0.00343642611684
0.0549828178694 0.00343642611684 0.00343642611684 0.0549828178694 0.879725085911 0.00343642611684
0.187134502924 0.0116959064327 0.00292397660819 0.046783625731 0.748538011696 0.00292397660819
0.179271708683 0.0448179271709 0.0112044817927 0.0448179271709 0.717086834734 0.00280112044818
0.0568888888889 0.0142222222222 0.00355555555556 0.0142222222222 0.910222222222 0.000888888888889
0.0576966418751 0.0144241604688 0.000901510029299 0.0036060401172 0.923146270002 0.000225377507325
0.166666666667 0.166666666667 0.166666666667 0.166666666667 0.166666666667 0.166666666667
0.266666666667 0.0666666666667 0.266666666667 0.266666666667 0.0666666666667 0.0666666666667
0.484848484848 0.121212121212 0.121212121212 0.121212121212 0.121212121212 0.030303030303
0.280701754386 0.280701754386 0.0701754385965 0.0701754385965 0.280701754386 0.0175438596491
0.280701754386 0.280701754386 0.0701754385965 0.0701754385965 0.280701754386 0.0175438596491
0.418300653595 0.418300653595 0.0261437908497 0.0261437908497 0.104575163399 0.00653594771242
0.318407960199 0.318407960199 0.0199004975124 0.0199004975124 0.318407960199 0.00497512437811
0.105090311987 0.420361247947 0.0262725779967 0.0262725779967 0.420361247947 0.00164203612479
0.0449122807018 0.718596491228 0.0449122807018 0.0112280701754 0.179649122807 0.000701754385965
0.158317872604 0.633271490414 0.0395794681509 0.00989486703772 0.158317872604 0.000618429189858
0.105219893136 0.420879572544 0.026304973284 0.026304973284 0.420879572544 0.000411015207563
0.158391337974 0.158391337974 0.00989945862336 0.0395978344934 0.633565351895 0.00015467904099
0.324847331271 0.324847331271 0.00507573955111 0.0203029582045 0.324847331271 7.93084304862e-05
0.164517813391 0.658071253565 0.00257059083424 0.0102823633369 0.164517813391 4.0165481785e-05
0.331170537465 0.331170537465 0.00129363491197 0.00517453964789 0.331170537465 2.02130454996e-05
0.442903581156 0.442903581156 0.00173009211389 0.00173009211389 0.110725895289 6.75817231988e-06
0.66321075734 0.165802689335 0.00259066702086 0.00259066702086 0.165802689335 2.52994826256e-06
0.166666666667 0.166666666667 0.166666666667 0.166666666667 0.166666666667 0.166666666667
0.222222222222 0.222222222222 0.0555555555556 0.222222222222 0.222222222222 0.0555555555556
0.222222222222 0.222222222222 0.0555555555556 0.222222222222 0.222222222222 0.0555555555556
0.166666666667 0.166666666667 0.166666666667 0.166666666667 0.166666666667 0.166666666667
0.0555555555556 0.222222222222 0.0555555555556 0.222222222222 0.222222222222 0.222222222222
0.0555555555556 0.222222222222 0.0555555555556 0.222222222222 0.222222222222 0.222222222222
0.121212121212 0.121212121212 0.030303030303 0.121212121212 0.484848484848 0.121212121212
0.0430107526882 0.0430107526882 0.010752688172 0.172043010753 0.688172043011 0.0430107526882
0.0430107526882 0.0430107526882 0.010752688172 0.172043010753 0.688172043011 0.0430107526882
0.0969696969697 0.0969696969697 0.00606060606061 0.387878787879 0.387878787879 0.0242424242424
0.0952380952381 0.0952380952381 0.0238095238095 0.380952380952 0.380952380952 0.0238095238095
0.104575163399 0.0261437908497 0.0261437908497 0.418300653595 0.418300653595 0.00653594771242
0.162849872774 0.0101781170483 0.0101781170483 0.162849872774 0.651399491094 0.00254452926209
0.166666666667 0.166666666667 0.166666666667 0.166666666667 0.166666666667 0.166666666667
0.190476190476 0.190476190476 0.047619047619 0.190476190476 0.190476190476 0.190476190476
0.190476190476 0.190476190476 0.047619047619 0.190476190476 0.190476190476 0.190476190476
