Price Resolution OpticalZoom DigitalZoom Weight StorageIncluded
0.166666666667 0.166666666667 0.166666666667 0.166666666667 0.166666666667 0.166666666667
0.0416666666667 0.291666666667 0.291666666667 0.0416666666667 0.0416666666667 0.291666666667
0.260416666667 0.0729166666667 0.322916666667 0.0104166666667 0.260416666667 0.0729166666667
0.130208333333 0.536458333333 0.161458333333 0.00520833333333 0.130208333333 0.0364583333333
0.166666666667 0.166666666667 0.166666666667 0.166666666667 0.166666666667 0.166666666667
0.291666666667 0.291666666667 0.0416666666667 0.291666666667 0.0416666666667 0.0416666666667
0.145833333333 0.145833333333 0.520833333333 0.145833333333 0.0208333333333 0.0208333333333
0.0729166666667 0.0729166666667 0.760416666667 0.0729166666667 0.0104166666667 0.0104166666667
0.536458333333 0.0364583333333 0.380208333333 0.0364583333333 0.00520833333333 0.00520833333333
0.768229166667 0.0182291666667 0.190104166667 0.0182291666667 0.00260416666667 0.00260416666667
0.256076388889 0.339409722222 0.0633680555556 0.339409722222 0.000868055555556 0.000868055555556
0.314019097222 0.0848524305556 0.0158420138889 0.334852430556 0.250217013889 0.000217013888889
0.657009548611 0.0424262152778 0.00792100694444 0.167426215278 0.125108506944 0.000108506944444
0.21900318287 0.347475405093 0.00264033564815 0.389142071759 0.0417028356481 3.61689814815e-05
0.21900318287 0.347475405093 0.00264033564815 0.389142071759 0.0417028356481 3.61689814815e-05
0.609501591435 0.173737702546 0.00132016782407 0.19457103588 0.0208514178241 1.80844907407e-05
0.304750795718 0.0868688512731 0.000660083912037 0.0972855179398 0.510425708912 9.04224537037e-06
0.217458465953 0.181144808546 0.00011001398534 0.182880919657 0.251737618152 0.166668173708
0.108729232976 0.590572404273 5.50069926698e-05 0.0914404598283 0.125868809076 0.0833340868538
0.0543646164882 0.795286202136 2.75034963349e-05 0.0457202299142 0.062934404538 0.0416670434269
0.351454872163 0.265095400712 9.16783211163e-06 0.0152400766381 0.354311468179 0.0138890144756
0.0702909744325 0.253019080142 0.200001833566 0.203048015328 0.270862293636 0.00277780289513
0.0351454872163 0.126509540071 0.100000916783 0.601524007664 0.135431146818 0.00138890144756
0.0117151624054 0.0421698466904 0.0333336389277 0.200508002555 0.378477048939 0.333796300483
0.00585758120271 0.521084923345 0.0166668194639 0.100254001277 0.18923852447 0.166898150241
0.335285860401 0.173694974448 0.00555560648796 0.0334180004258 0.39641284149 0.0556327167471
0.26705717208 0.23473899489 0.00111112129759 0.206683600085 0.279282568298 0.0111265433494
0.63352858604 0.117369497445 0.000555560648796 0.103341800043 0.139641284149 0.00556327167471
0.126705717208 0.223473899489 0.000111112129759 0.220668360009 0.22792825683 0.201112654335
0.563352858604 0.111736949744 5.55560648796e-05 0.110334180004 0.113964128415 0.100556327167
0.521117619535 0.0372456499148 1.85186882932e-05 0.0367780600014 0.371321376138 0.0335187757225
0.260558809767 0.518622824957 9.25934414659e-06 0.0183890300007 0.185660688069 0.0167593878612
0.420186269922 0.172874274986 3.08644804886e-06 0.0061296766669 0.395220229356 0.00558646262042
0.210093134961 0.0864371374929 1.54322402443e-06 0.00306483833345 0.697610114678 0.00279323131021
0.105046567481 0.0432185687465 7.71612012216e-07 0.00153241916673 0.848805057339 0.0013966156551
0.166666666667 0.166666666667 0.166666666667 0.166666666667 0.166666666667 0.166666666667
0.0416666666667 0.291666666667 0.291666666667 0.0416666666667 0.0416666666667 0.291666666667
0.260416666667 0.0729166666667 0.322916666667 0.0104166666667 0.260416666667 0.0729166666667
0.130208333333 0.536458333333 0.161458333333 0.00520833333333 0.130208333333 0.0364583333333
0.166666666667 0.166666666667 0.166666666667 0.166666666667 0.166666666667 0.166666666667
0.194444444444 0.194444444444 0.0277777777778 0.194444444444 0.194444444444 0.194444444444
0.194444444444 0.194444444444 0.0277777777778 0.194444444444 0.194444444444 0.194444444444
0.398148148148 0.0648148148148 0.00925925925926 0.0648148148148 0.398148148148 0.0648148148148
0.132716049383 0.354938271605 0.336419753086 0.0216049382716 0.132716049383 0.0216049382716
0.226543209877 0.270987654321 0.0672839506173 0.204320987654 0.226543209877 0.00432098765432
0.408847736626 0.090329218107 0.0224279835391 0.0681069958848 0.408847736626 0.00144032921811
0.234807956104 0.181721536351 0.00373799725652 0.178017832647 0.234807956104 0.166906721536
0.117403978052 0.0908607681756 0.501868998628 0.0890089163237 0.117403978052 0.0834533607682
0.22348079561 0.218172153635 0.100373799726 0.0178017832647 0.22348079561 0.216690672154
0.166666666667 0.166666666667 0.166666666667 0.166666666667 0.166666666667 0.166666666667
0.0333333333333 0.233333333333 0.0333333333333 0.233333333333 0.233333333333 0.233333333333
0.0333333333333 0.233333333333 0.0333333333333 0.233333333333 0.233333333333 0.233333333333
0.344444444444 0.0777777777778 0.0111111111111 0.0777777777778 0.411111111111 0.0777777777778
0.344444444444 0.0777777777778 0.0111111111111 0.0777777777778 0.411111111111 0.0777777777778
0.0861111111111 0.269444444444 0.00277777777778 0.0194444444444 0.352777777778 0.269444444444
0.271527777778 0.317361111111 0.250694444444 0.00486111111111 0.0881944444444 0.0673611111111
0.254305555556 0.0634722222222 0.250138888889 0.200972222222 0.217638888889 0.0134722222222
