Price Resolution OpticalZoom DigitalZoom Weight StorageIncluded
0.166666666667 0.166666666667 0.166666666667 0.166666666667 0.166666666667 0.166666666667
0.0666666666667 0.266666666667 0.266666666667 0.266666666667 0.0666666666667 0.0666666666667
0.0333333333333 0.533333333333 0.133333333333 0.133333333333 0.133333333333 0.0333333333333
0.0888888888889 0.355555555556 0.0888888888889 0.0888888888889 0.355555555556 0.0222222222222
0.231884057971 0.231884057971 0.231884057971 0.0579710144928 0.231884057971 0.0144927536232
0.124031007752 0.124031007752 0.124031007752 0.124031007752 0.496124031008 0.0077519379845
0.361581920904 0.090395480226 0.090395480226 0.090395480226 0.361581920904 0.00564971751412
0.137634408602 0.137634408602 0.0344086021505 0.137634408602 0.550537634409 0.00215053763441
0.137634408602 0.137634408602 0.0344086021505 0.137634408602 0.550537634409 0.00215053763441
0.285395763657 0.285395763657 0.0713489409142 0.0713489409142 0.285395763657 0.00111482720178
0.0975238095238 0.390095238095 0.024380952381 0.0975238095238 0.390095238095 0.000380952380952
0.166666666667 0.166666666667 0.166666666667 0.166666666667 0.166666666667 0.166666666667
0.166666666667 0.166666666667 0.166666666667 0.166666666667 0.166666666667 0.166666666667
0.0555555555556 0.222222222222 0.222222222222 0.222222222222 0.222222222222 0.0555555555556
0.0238095238095 0.380952380952 0.0952380952381 0.0952380952381 0.380952380952 0.0238095238095
0.0430107526882 0.172043010753 0.0430107526882 0.0430107526882 0.688172043011 0.010752688172
0.136752136752 0.136752136752 0.136752136752 0.034188034188 0.547008547009 0.00854700854701
0.0969696969697 0.387878787879 0.0969696969697 0.0242424242424 0.387878787879 0.00606060606061
0.0448179271709 0.179271708683 0.0448179271709 0.0112044817927 0.717086834734 0.00280112044818
0.105090311987 0.420361247947 0.0262725779967 0.0262725779967 0.420361247947 0.00164203612479
0.0974124809741 0.389649923896 0.0974124809741 0.0243531202435 0.389649923896 0.00152207001522
0.0285586791611 0.456938866577 0.0285586791611 0.0285586791611 0.456938866577 0.000446229361892
0.166666666667 0.166666666667 0.166666666667 0.166666666667 0.166666666667 0.166666666667
0.266666666667 0.0666666666667 0.266666666667 0.266666666667 0.0666666666667 0.0666666666667
0.190476190476 0.190476190476 0.190476190476 0.190476190476 0.190476190476 0.047619047619
0.355555555556 0.0888888888889 0.0888888888889 0.0888888888889 0.355555555556 0.0222222222222
0.688172043011 0.0430107526882 0.0430107526882 0.0430107526882 0.172043010753 0.010752688172
0.861952861953 0.013468013468 0.013468013468 0.0538720538721 0.0538720538721 0.003367003367
0.828478964401 0.0517799352751 0.0129449838188 0.0517799352751 0.0517799352751 0.00323624595469
0.717086834734 0.179271708683 0.0112044817927 0.0448179271709 0.0448179271709 0.00280112044818
0.838656838657 0.0524160524161 0.003276003276 0.0524160524161 0.0524160524161 0.000819000819001
0.724699221515 0.0452937013447 0.00283085633404 0.181174805379 0.0452937013447 0.00070771408351
0.913266443701 0.0142697881828 0.000891861761427 0.0570791527313 0.0142697881828 0.000222965440357
0.726627638815 0.0454142274259 0.00070959730353 0.181656909704 0.0454142274259 0.000177399325883
0.639200998752 0.159800249688 0.000624219725343 0.159800249688 0.039950062422 0.000624219725343
0.39968774395 0.39968774395 0.000390320062451 0.0999219359875 0.0999219359875 0.000390320062451
0.63980006248 0.15995001562 0.000156201187129 0.15995001562 0.039987503905 0.000156201187129
0.842018706959 0.0526261691849 5.13927433446e-05 0.0526261691849 0.0526261691849 5.13927433446e-05
0.639950003906 0.0399968752441 3.90594484806e-05 0.159987500976 0.159987500976 3.90594484806e-05
0.571328939568 0.142832234892 0.000139484604387 0.142832234892 0.142832234892 3.48711510967e-05
0.249935166964 0.249935166964 0.000244077311488 0.249935166964 0.249935166964 1.5254831968e-05
0.142835970533 0.142835970533 0.000139488252474 0.142835970533 0.571343882132 8.71801577961e-06
0.142850915051 0.142850915051 3.48757116825e-05 0.142850915051 0.571403660206 8.71892792062e-06
0.142850915051 0.142850915051 3.48757116825e-05 0.142850915051 0.571403660206 8.71892792062e-06
0.159992187881 0.159992187881 3.90605927445e-05 0.0399980469704 0.639968751526 9.76514818612e-06
0.142835970533 0.142835970533 0.000139488252474 0.142835970533 0.571343882132 8.71801577961e-06
0.159993359651 0.159993359651 3.90608788209e-05 0.0399983399127 0.639973438602 2.44130492631e-06
0.159993359651 0.159993359651 3.90608788209e-05 0.0399983399127 0.639973438602 2.44130492631e-06
0.166666666667 0.166666666667 0.166666666667 0.166666666667 0.166666666667 0.166666666667
