Price Resolution OpticalZoom DigitalZoom Weight StorageIncluded
0.166666666667 0.166666666667 0.166666666667 0.166666666667 0.166666666667 0.166666666667
0.166666666667 0.166666666667 0.166666666667 0.166666666667 0.166666666667 0.166666666667
0.388888888889 0.0555555555556 0.0555555555556 0.0555555555556 0.388888888889 0.0555555555556
0.462962962963 0.0185185185185 0.0185185185185 0.0185185185185 0.462962962963 0.0185185185185
0.231481481481 0.509259259259 0.00925925925926 0.00925925925926 0.231481481481 0.00925925925926
0.115740740741 0.75462962963 0.00462962962963 0.00462962962963 0.115740740741 0.00462962962963
0.371913580247 0.251543209877 0.00154320987654 0.00154320987654 0.371913580247 0.00154320987654
0.123971193416 0.0838477366255 0.000514403292181 0.333847736626 0.457304526749 0.000514403292181
0.561985596708 0.0419238683128 0.000257201646091 0.166923868313 0.228652263374 0.000257201646091
0.112397119342 0.208384773663 5.14403292181e-05 0.233384773663 0.245730452675 0.200051440329
0.166666666667 0.166666666667 0.166666666667 0.166666666667 0.166666666667 0.166666666667
0.0416666666667 0.291666666667 0.291666666667 0.291666666667 0.0416666666667 0.0416666666667
0.260416666667 0.322916666667 0.0729166666667 0.0729166666667 0.260416666667 0.0104166666667
0.130208333333 0.661458333333 0.0364583333333 0.0364583333333 0.130208333333 0.00520833333333
0.282552083333 0.165364583333 0.00911458333333 0.259114583333 0.282552083333 0.00130208333333
0.641276041667 0.0826822916667 0.00455729166667 0.129557291667 0.141276041667 0.000651041666667
0.547092013889 0.0275607638889 0.00151909722222 0.376519097222 0.0470920138889 0.000217013888889
0.18236400463 0.34252025463 0.000506365740741 0.125506365741 0.349030671296 7.2337962963e-05
0.394121334877 0.447506751543 0.000168788580247 0.0418354552469 0.116343557099 2.4112654321e-05
0.197060667438 0.223753375772 0.50008439429 0.0209177276235 0.0581717785494 1.20563271605e-05
0.0394121334877 0.244750675154 0.300016878858 0.204183545525 0.21163435571 2.4112654321e-06
0.0131373778292 0.414916891718 0.100005626286 0.0680611818416 0.40387811857 8.03755144033e-07
0.166666666667 0.166666666667 0.166666666667 0.166666666667 0.166666666667 0.166666666667
0.0416666666667 0.291666666667 0.291666666667 0.291666666667 0.0416666666667 0.0416666666667
0.260416666667 0.322916666667 0.0729166666667 0.0729166666667 0.260416666667 0.0104166666667
0.130208333333 0.661458333333 0.0364583333333 0.0364583333333 0.130208333333 0.00520833333333
0.282552083333 0.165364583333 0.00911458333333 0.259114583333 0.282552083333 0.00130208333333
0.641276041667 0.0826822916667 0.00455729166667 0.129557291667 0.141276041667 0.000651041666667
0.547092013889 0.0275607638889 0.00151909722222 0.376519097222 0.0470920138889 0.000217013888889
0.18236400463 0.34252025463 0.000506365740741 0.125506365741 0.349030671296 7.2337962963e-05
0.394121334877 0.447506751543 0.000168788580247 0.0418354552469 0.116343557099 2.4112654321e-05
0.197060667438 0.223753375772 0.50008439429 0.0209177276235 0.0581717785494 1.20563271605e-05
0.0394121334877 0.244750675154 0.300016878858 0.204183545525 0.21163435571 2.4112654321e-06
0.0131373778292 0.414916891718 0.100005626286 0.0680611818416 0.40387811857 8.03755144033e-07
0.166666666667 0.166666666667 0.166666666667 0.166666666667 0.166666666667 0.166666666667
0.194444444444 0.194444444444 0.194444444444 0.194444444444 0.0277777777778 0.194444444444
0.398148148148 0.0648148148148 0.0648148148148 0.0648148148148 0.342592592593 0.0648148148148
0.466049382716 0.0216049382716 0.0216049382716 0.0216049382716 0.447530864198 0.0216049382716
0.233024691358 0.510802469136 0.0108024691358 0.0108024691358 0.223765432099 0.0108024691358
0.116512345679 0.755401234568 0.0054012345679 0.0054012345679 0.111882716049 0.0054012345679
0.372170781893 0.251800411523 0.00180041152263 0.00180041152263 0.370627572016 0.00180041152263
0.124056927298 0.0839334705075 0.000600137174211 0.333933470508 0.456875857339 0.000600137174211
0.562028463649 0.0419667352538 0.000300068587106 0.166966735254 0.228437928669 0.000300068587106
0.11240569273 0.208393347051 6.00137174211e-05 0.233393347051 0.245687585734 0.200060013717
0.166666666667 0.166666666667 0.166666666667 0.166666666667 0.166666666667 0.166666666667
0.0333333333333 0.233333333333 0.233333333333 0.233333333333 0.233333333333 0.0333333333333
0.258333333333 0.308333333333 0.0583333333333 0.0583333333333 0.308333333333 0.00833333333333
0.129166666667 0.654166666667 0.0291666666667 0.0291666666667 0.154166666667 0.00416666666667
0.282291666667 0.163541666667 0.00729166666667 0.257291666667 0.288541666667 0.00104166666667
0.141145833333 0.581770833333 0.00364583333333 0.128645833333 0.144270833333 0.000520833333333
0.0282291666667 0.316354166667 0.200729166667 0.225729166667 0.228854166667 0.000104166666667
0.0141145833333 0.158177083333 0.100364583333 0.112864583333 0.614427083333 5.20833333333e-05
0.00705729166667 0.0790885416667 0.0501822916667 0.556432291667 0.307213541667 2.60416666667e-05
0.251764322917 0.269772135417 0.262545572917 0.139108072917 0.0768033854167 6.51041666667e-06
0.0629410807292 0.317443033854 0.0656363932292 0.284777018229 0.269200846354 1.62760416667e-06
