Price Resolution OpticalZoom DigitalZoom Weight StorageIncluded
0.166666666667 0.166666666667 0.166666666667 0.166666666667 0.166666666667 0.166666666667
0.0555555555556 0.222222222222 0.0555555555556 0.222222222222 0.222222222222 0.222222222222
0.0555555555556 0.222222222222 0.0555555555556 0.222222222222 0.222222222222 0.222222222222
0.121212121212 0.121212121212 0.030303030303 0.121212121212 0.484848484848 0.121212121212
0.0430107526882 0.0430107526882 0.010752688172 0.172043010753 0.688172043011 0.0430107526882
0.037037037037 0.148148148148 0.037037037037 0.148148148148 0.592592592593 0.037037037037
0.0444444444444 0.0444444444444 0.0111111111111 0.177777777778 0.711111111111 0.0111111111111
0.0392156862745 0.156862745098 0.00980392156863 0.156862745098 0.627450980392 0.00980392156863
0.0987654320988 0.0987654320988 0.00617283950617 0.395061728395 0.395061728395 0.00617283950617
0.0395061728395 0.158024691358 0.00987654320988 0.632098765432 0.158024691358 0.00246913580247
0.0262725779967 0.420361247947 0.0262725779967 0.420361247947 0.105090311987 0.00164203612479
0.0395794681509 0.158317872604 0.00989486703772 0.633271490414 0.158317872604 0.000618429189858
0.0993403181995 0.0993403181995 0.00620876988747 0.397361272798 0.397361272798 0.000388048117967
0.0269786068079 0.107914427232 0.00168616292549 0.431657708926 0.431657708926 0.000105385182843
0.0998342595301 0.0998342595301 0.00155991030516 0.39933703812 0.39933703812 9.74943940723e-05
0.0399734551275 0.15989382051 0.000624585236366 0.639575282039 0.15989382051 3.90365772729e-05
0.0270127677535 0.432204284056 0.000422074496149 0.432204284056 0.108051071014 0.000105518624037
0.0998342595301 0.39933703812 0.00155991030516 0.39933703812 0.0998342595301 9.74943940723e-05
0.142772491199 0.142772491199 0.000557705043745 0.571089964795 0.142772491199 3.48565652341e-05
0.0454459718847 0.181783887539 0.000177523327675 0.727135550156 0.0454459718847 1.10952079797e-05
0.0270239956719 0.432383930751 0.000105562483094 0.432383930751 0.108095982688 6.59765519334e-06
0.0117625098715 0.752800631775 0.000183789216742 0.188200157944 0.047050039486 2.87170651159e-06
0.0270241293939 0.432386070302 0.000105563005445 0.432386070302 0.108096517575 1.64942196007e-06
0.0999900827707 0.399960331083 9.76465652058e-05 0.399960331083 0.0999900827707 1.52572758134e-06
0.0270263025605 0.432420840968 2.63928735942e-05 0.432420840968 0.108105210242 4.1238864991e-07
0.0454540331559 0.727264530495 1.10971760635e-05 0.181816132624 0.0454540331559 1.73393375992e-07
0.0142856636828 0.914282475697 3.48771086005e-06 0.0571426547311 0.0142856636828 5.44954821883e-08
0.166666666667 0.166666666667 0.166666666667 0.166666666667 0.166666666667 0.166666666667
0.0666666666667 0.266666666667 0.266666666667 0.266666666667 0.0666666666667 0.0666666666667
0.190476190476 0.190476190476 0.190476190476 0.190476190476 0.190476190476 0.047619047619
0.0888888888889 0.355555555556 0.0888888888889 0.0888888888889 0.355555555556 0.0222222222222
0.231884057971 0.231884057971 0.231884057971 0.0579710144928 0.231884057971 0.0144927536232
0.090395480226 0.361581920904 0.090395480226 0.090395480226 0.361581920904 0.00564971751412
0.0285204991087 0.45632798574 0.0285204991087 0.0285204991087 0.45632798574 0.0017825311943
0.105090311987 0.420361247947 0.0262725779967 0.0262725779967 0.420361247947 0.00164203612479
0.0974124809741 0.389649923896 0.0243531202435 0.0974124809741 0.389649923896 0.00152207001522
0.153753753754 0.615015015015 0.0384384384384 0.0384384384384 0.153753753754 0.000600600600601
0.166666666667 0.166666666667 0.166666666667 0.166666666667 0.166666666667 0.166666666667
0.0666666666667 0.266666666667 0.266666666667 0.266666666667 0.0666666666667 0.0666666666667
0.121212121212 0.484848484848 0.121212121212 0.121212121212 0.121212121212 0.030303030303
0.0430107526882 0.688172043011 0.0430107526882 0.0430107526882 0.172043010753 0.010752688172
0.012012012012 0.768768768769 0.012012012012 0.012012012012 0.192192192192 0.003003003003
0.0463768115942 0.742028985507 0.0115942028986 0.0115942028986 0.185507246377 0.00289855072464
0.0448179271709 0.717086834734 0.0112044817927 0.0448179271709 0.179271708683 0.00280112044818
0.156862745098 0.627450980392 0.00980392156863 0.0392156862745 0.156862745098 0.00980392156863
0.0544217687075 0.87074829932 0.00340136054422 0.0136054421769 0.0544217687075 0.00340136054422
0.0142222222222 0.910222222222 0.00355555555556 0.0142222222222 0.0568888888889 0.000888888888889
0.0522875816993 0.83660130719 0.00326797385621 0.0522875816993 0.0522875816993 0.00326797385621
0.045197740113 0.723163841808 0.00282485875706 0.045197740113 0.180790960452 0.00282485875706
0.1592039801 0.636815920398 0.00248756218905 0.0398009950249 0.1592039801 0.00248756218905
0.0525451559934 0.840722495895 0.000821018062397 0.0525451559934 0.0525451559934 0.000821018062397
0.159800249688 0.639200998752 0.000624219725343 0.039950062422 0.159800249688 0.000624219725343
0.0547710740265 0.876337184424 0.000213949507916 0.0136927685066 0.0547710740265 0.000213949507916
0.15995001562 0.63980006248 0.000156201187129 0.039987503905 0.15995001562 0.000156201187129
0.108085286046 0.432341144184 0.000105552037154 0.0270213215115 0.432341144184 0.000105552037154
0.108085286046 0.432341144184 0.000105552037154 0.0270213215115 0.432341144184 0.000105552037154
0.159987500976 0.639950003906 3.90594484806e-05 0.0399968752441 0.159987500976 3.90594484806e-05
0.0547908557058 0.876653691293 5.35066950252e-05 0.0136977139265 0.0547908557058 1.33766737563e-05
0.159992187881 0.639968751526 3.90605927445e-05 0.0399980469704 0.159992187881 9.76514818612e-06
0.326522477816 0.326522477816 1.99293504526e-05 0.0204076548635 0.326522477816 4.98233761316e-06
0.10810721644 0.432428865762 6.59834084719e-06 0.0270268041101 0.432428865762 1.6495852118e-06
0.0470586545746 0.752938473193 2.87223233487e-06 0.0117646636436 0.188234618298 7.18058083718e-07
0.166666666667 0.166666666667 0.166666666667 0.166666666667 0.166666666667 0.166666666667
0.166666666667 0.166666666667 0.166666666667 0.166666666667 0.166666666667 0.166666666667
0.333333333333 0.0833333333333 0.0833333333333 0.0833333333333 0.333333333333 0.0833333333333
0.444444444444 0.0277777777778 0.0277777777778 0.0277777777778 0.444444444444 0.0277777777778
0.735632183908 0.0114942528736 0.0114942528736 0.0459770114943 0.183908045977 0.0114942528736
0.711111111111 0.0444444444444 0.0111111111111 0.0444444444444 0.177777777778 0.0111111111111
0.748538011696 0.0116959064327 0.00292397660819 0.046783625731 0.187134502924 0.00292397660819
0.723163841808 0.045197740113 0.00282485875706 0.045197740113 0.180790960452 0.00282485875706
0.398753894081 0.0996884735202 0.00155763239875 0.0996884735202 0.398753894081 0.00155763239875
0.724699221515 0.0452937013447 0.00283085633404 0.0452937013447 0.181174805379 0.00070771408351
0.913266443701 0.0142697881828 0.000891861761427 0.0142697881828 0.0570791527313 0.000222965440357
0.726627638815 0.0454142274259 0.00070959730353 0.0454142274259 0.181656909704 0.000177399325883
0.399804782821 0.0999511957052 0.000390434358224 0.0999511957052 0.399804782821 9.76085895559e-05
0.307576781557 0.307576781557 0.00030036795074 0.0768941953894 0.307576781557 7.50919876849e-05
0.571328939568 0.142832234892 0.000139484604387 0.142832234892 0.142832234892 3.48711510967e-05
0.399951177835 0.0999877944587 9.76443305261e-05 0.0999877944587 0.399951177835 2.44110826315e-05
0.307594104947 0.307594104947 0.000300384868112 0.0768985262367 0.307594104947 1.8774054257e-05
0.307667751128 0.307667751128 7.51141970527e-05 0.076916937782 0.307667751128 4.69463731579e-06
0.432420305992 0.108105076498 2.63928409419e-05 0.0270262691245 0.432420305992 1.64955255887e-06
0.432428865762 0.10810721644 6.59834084719e-06 0.0270268041101 0.432428865762 1.6495852118e-06
0.432429400759 0.10810735019 6.5983490106e-06 0.0270268375474 0.432429400759 4.12396813162e-07
0.326528883645 0.326528883645 4.98243535835e-06 0.0204080552278 0.326528883645 3.11402209897e-07
0.166666666667 0.166666666667 0.166666666667 0.166666666667 0.166666666667 0.166666666667
0.222222222222 0.222222222222 0.0555555555556 0.222222222222 0.0555555555556 0.222222222222
0.484848484848 0.121212121212 0.030303030303 0.121212121212 0.121212121212 0.121212121212
0.688172043011 0.0430107526882 0.010752688172 0.0430107526882 0.172043010753 0.0430107526882
0.688172043011 0.0430107526882 0.010752688172 0.0430107526882 0.172043010753 0.0430107526882
0.387878787879 0.0969696969697 0.00606060606061 0.0969696969697 0.387878787879 0.0242424242424
0.466302367942 0.0291438979964 0.00182149362477 0.0291438979964 0.466302367942 0.00728597449909
0.181174805379 0.0452937013447 0.00070771408351 0.0452937013447 0.724699221515 0.00283085633404
0.469509399358 0.0293443374599 0.000458505272811 0.0293443374599 0.469509399358 0.00183402109124
0.751835535977 0.0469897209985 0.000734214390602 0.0117474302496 0.187958883994 0.000734214390602
0.78019047619 0.0121904761905 0.000190476190476 0.0121904761905 0.195047619048 0.000190476190476
