Price Resolution OpticalZoom DigitalZoom Weight StorageIncluded
0.166666666667 0.166666666667 0.166666666667 0.166666666667 0.166666666667 0.166666666667
0.190476190476 0.190476190476 0.190476190476 0.190476190476 0.047619047619 0.190476190476
0.333333333333 0.333333333333 0.0833333333333 0.0833333333333 0.0833333333333 0.0833333333333
0.410256410256 0.410256410256 0.025641025641 0.025641025641 0.102564102564 0.025641025641
0.296296296296 0.296296296296 0.0185185185185 0.0740740740741 0.296296296296 0.0185185185185
0.231884057971 0.231884057971 0.0579710144928 0.231884057971 0.231884057971 0.0144927536232
0.387878787879 0.0969696969697 0.0242424242424 0.0969696969697 0.387878787879 0.00606060606061
0.428810720268 0.107202680067 0.00670016750419 0.0268006700168 0.428810720268 0.00167504187605
0.305854241338 0.305854241338 0.00477897252091 0.0764635603345 0.305854241338 0.00119474313023
0.633271490414 0.158317872604 0.00989486703772 0.0395794681509 0.158317872604 0.000618429189858
0.638304503662 0.159576125916 0.00249337696743 0.0398940314789 0.159576125916 0.000155836060464
0.39933703812 0.0998342595301 0.00155991030516 0.0998342595301 0.39933703812 9.74943940723e-05
0.307299872459 0.307299872459 0.00120039012679 0.0768249681146 0.307299872459 7.50243829245e-05
0.166666666667 0.166666666667 0.166666666667 0.166666666667 0.166666666667 0.166666666667
0.0555555555556 0.222222222222 0.222222222222 0.222222222222 0.0555555555556 0.222222222222
0.166666666667 0.166666666667 0.166666666667 0.166666666667 0.166666666667 0.166666666667
0.0833333333333 0.333333333333 0.0833333333333 0.0833333333333 0.333333333333 0.0833333333333
0.037037037037 0.592592592593 0.148148148148 0.037037037037 0.148148148148 0.037037037037
0.0888888888889 0.355555555556 0.0888888888889 0.0888888888889 0.355555555556 0.0222222222222
0.152380952381 0.609523809524 0.0380952380952 0.0380952380952 0.152380952381 0.00952380952381
0.0433604336043 0.693766937669 0.0433604336043 0.0433604336043 0.173441734417 0.00271002710027
0.013468013468 0.861952861953 0.013468013468 0.0538720538721 0.0538720538721 0.003367003367
0.0448179271709 0.717086834734 0.0112044817927 0.0448179271709 0.179271708683 0.00280112044818
0.0121488230828 0.777524677297 0.00303720577069 0.0121488230828 0.194381169324 0.000759301442673
0.00364547732969 0.9332421964 0.000911369332422 0.00364547732969 0.058327637275 0.000227842333105
0.166666666667 0.166666666667 0.166666666667 0.166666666667 0.166666666667 0.166666666667
0.0666666666667 0.266666666667 0.266666666667 0.266666666667 0.0666666666667 0.0666666666667
0.0333333333333 0.533333333333 0.133333333333 0.133333333333 0.133333333333 0.0333333333333
0.0888888888889 0.355555555556 0.0888888888889 0.0888888888889 0.355555555556 0.0222222222222
0.231884057971 0.231884057971 0.231884057971 0.0579710144928 0.231884057971 0.0144927536232
0.547008547009 0.136752136752 0.136752136752 0.034188034188 0.136752136752 0.00854700854701
0.361581920904 0.090395480226 0.090395480226 0.090395480226 0.361581920904 0.00564971751412
0.284444444444 0.0711111111111 0.0711111111111 0.284444444444 0.284444444444 0.00444444444444
0.363120567376 0.090780141844 0.090780141844 0.363120567376 0.090780141844 0.00141843971631
0.615015015015 0.0384384384384 0.0384384384384 0.153753753754 0.153753753754 0.000600600600601
0.864682288368 0.0135106607558 0.0135106607558 0.054042643023 0.054042643023 0.000211104074309
0.71897489907 0.0449359311919 0.011233982798 0.179743724767 0.0449359311919 0.000175530981218
0.397476952935 0.0993692382339 0.00621057738962 0.397476952935 0.0993692382339 9.70402717128e-05
0.159594778882 0.0398986947204 0.00249366842003 0.638379115527 0.159594778882 3.89635690629e-05
0.142534015381 0.142534015381 0.00222709399033 0.570136061523 0.142534015381 3.47983435988e-05
0.397505883495 0.0993764708737 0.0062110294296 0.397505883495 0.0993764708737 2.42618337094e-05
0.431700360321 0.0269812725201 0.0016863295325 0.431700360321 0.10792509008 6.58722473635e-06
0.324871486003 0.0203044678752 0.0050761169688 0.324871486003 0.324871486003 4.95714547735e-06
0.431702493112 0.0269814058195 0.00168633786372 0.431702493112 0.107925623278 1.64681432004e-06
0.159899672325 0.0399749180812 0.000624608095019 0.639598689299 0.159899672325 2.43987537117e-06
0.108062295433 0.0270155738583 0.000422118341537 0.432249181733 0.432249181733 1.64889977163e-06
0.15997490628 0.03999372657 0.000156225494414 0.15997490628 0.63989962512 6.10255837555e-07
0.164921861643 0.0103076163527 0.000161056505511 0.164921861643 0.659687446573 1.57281743663e-07
0.164921861643 0.0103076163527 0.000161056505511 0.164921861643 0.659687446573 1.57281743663e-07
0.159974979499 0.0399937448748 0.000156225565917 0.159974979499 0.639899917997 1.52564029216e-07
0.399960903175 0.0999902257937 9.76467048767e-05 0.0999902257937 0.399960903175 9.53581102311e-08
0.166666666667 0.166666666667 0.166666666667 0.166666666667 0.166666666667 0.166666666667
0.222222222222 0.0555555555556 0.222222222222 0.222222222222 0.222222222222 0.0555555555556
0.355555555556 0.0888888888889 0.0888888888889 0.0888888888889 0.355555555556 0.0222222222222
0.152380952381 0.152380952381 0.0380952380952 0.0380952380952 0.609523809524 0.00952380952381
0.104575163399 0.418300653595 0.0261437908497 0.0261437908497 0.418300653595 0.00653594771242
0.162849872774 0.162849872774 0.0101781170483 0.0101781170483 0.651399491094 0.00254452926209
0.0551248923342 0.0551248923342 0.00344530577089 0.00344530577089 0.881998277347 0.000861326442722
0.0545609548167 0.0545609548167 0.00341005967604 0.0136402387042 0.872975277067 0.000852514919011
0.163161249203 0.163161249203 0.0101975780752 0.0101975780752 0.652644996813 0.0006373486297
0.0468864468864 0.187545787546 0.0029304029304 0.0117216117216 0.750183150183 0.000732600732601
0.047433759496 0.189735037984 0.000741152492125 0.0029646099685 0.758940151936 0.000185288123031
0.166098945661 0.166098945661 0.000648824006488 0.00259529602595 0.664395782644 0.000162206001622
0.166666666667 0.166666666667 0.166666666667 0.166666666667 0.166666666667 0.166666666667
0.222222222222 0.222222222222 0.0555555555556 0.222222222222 0.0555555555556 0.222222222222
0.484848484848 0.121212121212 0.030303030303 0.121212121212 0.121212121212 0.121212121212
