Price Resolution OpticalZoom DigitalZoom Weight StorageIncluded
0.166666666667 0.166666666667 0.166666666667 0.166666666667 0.166666666667 0.166666666667
0.233333333333 0.0333333333333 0.233333333333 0.233333333333 0.0333333333333 0.233333333333
0.411111111111 0.0111111111111 0.0777777777778 0.0777777777778 0.344444444444 0.0777777777778
0.137037037037 0.337037037037 0.0259259259259 0.0259259259259 0.448148148148 0.0259259259259
0.0685185185185 0.668518518519 0.012962962963 0.012962962963 0.224074074074 0.012962962963
0.0228395061728 0.556172839506 0.337654320988 0.00432098765432 0.0746913580247 0.00432098765432
0.340946502058 0.185390946502 0.112551440329 0.00144032921811 0.358230452675 0.00144032921811
0.446982167353 0.0617969821674 0.0375171467764 0.333813443073 0.119410150892 0.000480109739369
0.111745541838 0.265449245542 0.0093792866941 0.333453360768 0.279852537723 0.000120027434842
0.0279363854595 0.316362311385 0.252344821674 0.083363340192 0.319963134431 3.00068587106e-05
0.34264546182 0.438787437128 0.0841149405578 0.027787780064 0.106654378144 1.00022862369e-05
0.34264546182 0.438787437128 0.0841149405578 0.027787780064 0.106654378144 1.00022862369e-05
0.166666666667 0.166666666667 0.166666666667 0.166666666667 0.166666666667 0.166666666667
0.233333333333 0.0333333333333 0.233333333333 0.233333333333 0.0333333333333 0.233333333333
0.411111111111 0.0111111111111 0.0777777777778 0.0777777777778 0.344444444444 0.0777777777778
0.137037037037 0.337037037037 0.0259259259259 0.0259259259259 0.448148148148 0.0259259259259
0.0685185185185 0.668518518519 0.012962962963 0.012962962963 0.224074074074 0.012962962963
0.0228395061728 0.556172839506 0.337654320988 0.00432098765432 0.0746913580247 0.00432098765432
0.340946502058 0.185390946502 0.112551440329 0.00144032921811 0.358230452675 0.00144032921811
0.446982167353 0.0617969821674 0.0375171467764 0.333813443073 0.119410150892 0.000480109739369
0.111745541838 0.265449245542 0.0093792866941 0.333453360768 0.279852537723 0.000120027434842
0.0279363854595 0.316362311385 0.252344821674 0.083363340192 0.319963134431 3.00068587106e-05
0.34264546182 0.438787437128 0.0841149405578 0.027787780064 0.106654378144 1.00022862369e-05
0.34264546182 0.438787437128 0.0841149405578 0.027787780064 0.106654378144 1.00022862369e-05
0.166666666667 0.166666666667 0.166666666667 0.166666666667 0.166666666667 0.166666666667
0.291666666667 0.0416666666667 0.0416666666667 0.291666666667 0.0416666666667 0.291666666667
0.430555555556 0.0138888888889 0.0138888888889 0.0972222222222 0.347222222222 0.0972222222222
0.143518518519 0.337962962963 0.00462962962963 0.0324074074074 0.449074074074 0.0324074074074
0.0717592592593 0.668981481481 0.00231481481481 0.0162037037037 0.224537037037 0.0162037037037
0.0239197530864 0.556327160494 0.334104938272 0.0054012345679 0.0748456790123 0.0054012345679
0.341306584362 0.185442386831 0.111368312757 0.00180041152263 0.358281893004 0.00180041152263
0.170653292181 0.0927211934156 0.555684156379 0.000900205761317 0.179140946502 0.000900205761317
0.056884430727 0.0309070644719 0.51856138546 0.000300068587106 0.059713648834 0.33363340192
0.352294810242 0.343635688157 0.172853795153 0.000100022862369 0.0199045496113 0.111211133973
0.0704589620485 0.268727137631 0.234570759031 0.200020004572 0.203980909922 0.0222422267947
0.356819654016 0.0895757125438 0.0781902530102 0.400006668191 0.0679936366408 0.00741407559823
0.089204913504 0.272393928136 0.0195475632526 0.350001667048 0.26699840916 0.00185351889956
0.089204913504 0.272393928136 0.0195475632526 0.350001667048 0.26699840916 0.00185351889956
0.363068304501 0.424131309379 0.00651585441752 0.116667222349 0.0889994697201 0.000617839633186
0.4543561015 0.141377103126 0.00217195147251 0.0388890741164 0.36299982324 0.000205946544395
0.151452033833 0.0471257010421 0.000723983824169 0.346296358039 0.454333274413 6.86488481318e-05
0.0504840112778 0.349041900347 0.333574661275 0.115432119346 0.151444424804 2.28829493773e-05
0.525242005639 0.174520950174 0.166787330637 0.0577160596731 0.0757222124022 1.14414746886e-05
0.38131050141 0.0436302375434 0.0416968326593 0.264429014918 0.268930553101 2.86036867216e-06
0.230218416902 0.173938372924 0.00694947210989 0.210738169153 0.211488425517 0.166667143395
0.115109208451 0.086969186462 0.503474736055 0.105369084577 0.105744212758 0.0833335716974
0.185851534742 0.181161531077 0.0839124560092 0.184228180763 0.184290702126 0.180555595283
0.0619505115806 0.0603871770257 0.0279708186697 0.394742726921 0.394763567375 0.0601851984276
0.0206501705269 0.353462392342 0.342656939557 0.131580908974 0.131587855792 0.0200617328092
0.204130034105 0.0706924784684 0.268531387911 0.226316181795 0.226317571158 0.00401234656184
0.602065017053 0.0353462392342 0.134265693956 0.113158090897 0.113158785579 0.00200617328092
0.150516254263 0.258836559809 0.0335664234889 0.278289522724 0.278289696395 0.00050154332023
0.383505418088 0.419612186603 0.0111888078296 0.0927631742414 0.0927632321316 0.000167181106743
0.383505418088 0.419612186603 0.0111888078296 0.0927631742414 0.0927632321316 0.000167181106743
0.166666666667 0.166666666667 0.166666666667 0.166666666667 0.166666666667 0.166666666667
0.0416666666667 0.291666666667 0.291666666667 0.291666666667 0.0416666666667 0.0416666666667
0.260416666667 0.322916666667 0.0729166666667 0.0729166666667 0.260416666667 0.0104166666667
0.420138888889 0.107638888889 0.0243055555556 0.0243055555556 0.420138888889 0.00347222222222
0.47337962963 0.0358796296296 0.00810185185185 0.341435185185 0.140046296296 0.00115740740741
0.118344907407 0.258969907407 0.00202546296296 0.335358796296 0.285011574074 0.000289351851852
0.0295862268519 0.0647424768519 0.250506365741 0.333839699074 0.321252893519 7.2337962963e-05
0.514793113426 0.0323712384259 0.12525318287 0.166919849537 0.160626446759 3.61689814815e-05
0.257396556713 0.516185619213 0.0626265914352 0.0834599247685 0.0803132233796 1.80844907407e-05
0.128698278356 0.258092809606 0.0313132957176 0.541729962384 0.0401566116898 9.04224537037e-06
0.225739655671 0.251618561921 0.00626265914352 0.308345992477 0.208031322338 1.80844907407e-06
0.112869827836 0.125809280961 0.00313132957176 0.154172996238 0.104015661169 0.500000904225
0.166666666667 0.166666666667 0.166666666667 0.166666666667 0.166666666667 0.166666666667
0.291666666667 0.0416666666667 0.291666666667 0.291666666667 0.0416666666667 0.0416666666667
0.430555555556 0.0138888888889 0.0972222222222 0.0972222222222 0.347222222222 0.0138888888889
0.143518518519 0.337962962963 0.0324074074074 0.0324074074074 0.449074074074 0.00462962962963
0.0717592592593 0.668981481481 0.0162037037037 0.0162037037037 0.224537037037 0.00231481481481
0.0239197530864 0.556327160494 0.338734567901 0.0054012345679 0.0748456790123 0.000771604938272
0.341306584362 0.185442386831 0.112911522634 0.00180041152263 0.358281893004 0.000257201646091
0.447102194787 0.0618141289438 0.0376371742112 0.333933470508 0.119427297668 8.57338820302e-05
0.111775548697 0.265453532236 0.00940929355281 0.333483367627 0.279856824417 2.14334705075e-05
0.370591849566 0.0884845107453 0.00313643118427 0.111161122542 0.426618941472 7.14449016918e-06
0.123530616522 0.362828170248 0.00104547706142 0.0370537075141 0.475539647157 2.38149672306e-06
0.374510205507 0.454276056749 0.000348492353808 0.012351235838 0.158513215719 7.9383224102e-07
