Price Resolution OpticalZoom DigitalZoom Weight StorageIncluded
0.166666666667 0.166666666667 0.166666666667 0.166666666667 0.166666666667 0.166666666667
0.0666666666667 0.266666666667 0.266666666667 0.266666666667 0.0666666666667 0.0666666666667
0.121212121212 0.484848484848 0.121212121212 0.121212121212 0.121212121212 0.030303030303
0.0430107526882 0.688172043011 0.0430107526882 0.0430107526882 0.172043010753 0.010752688172
0.012012012012 0.768768768769 0.012012012012 0.012012012012 0.192192192192 0.003003003003
0.0463768115942 0.742028985507 0.0115942028986 0.0115942028986 0.185507246377 0.00289855072464
0.0448179271709 0.717086834734 0.0112044817927 0.0448179271709 0.179271708683 0.00280112044818
0.0444444444444 0.711111111111 0.0111111111111 0.0444444444444 0.177777777778 0.0111111111111
0.140350877193 0.561403508772 0.00877192982456 0.140350877193 0.140350877193 0.00877192982456
0.045197740113 0.723163841808 0.00282485875706 0.045197740113 0.180790960452 0.00282485875706
0.142222222222 0.568888888889 0.00222222222222 0.142222222222 0.142222222222 0.00222222222222
0.166666666667 0.166666666667 0.166666666667 0.166666666667 0.166666666667 0.166666666667
0.0666666666667 0.0666666666667 0.266666666667 0.266666666667 0.0666666666667 0.266666666667
0.190476190476 0.047619047619 0.190476190476 0.190476190476 0.190476190476 0.190476190476
0.111111111111 0.111111111111 0.111111111111 0.111111111111 0.444444444444 0.111111111111
0.0833333333333 0.333333333333 0.0833333333333 0.0833333333333 0.333333333333 0.0833333333333
0.037037037037 0.592592592593 0.148148148148 0.037037037037 0.148148148148 0.037037037037
0.0952380952381 0.380952380952 0.0952380952381 0.0238095238095 0.380952380952 0.0238095238095
0.280701754386 0.280701754386 0.0701754385965 0.0701754385965 0.280701754386 0.0175438596491
0.090395480226 0.361581920904 0.090395480226 0.090395480226 0.361581920904 0.00564971751412
0.137634408602 0.550537634409 0.137634408602 0.0344086021505 0.137634408602 0.00215053763441
0.0434487440597 0.695179904956 0.0434487440597 0.0434487440597 0.173794976239 0.000678886625933
0.166666666667 0.166666666667 0.166666666667 0.166666666667 0.166666666667 0.166666666667
0.222222222222 0.0555555555556 0.222222222222 0.222222222222 0.0555555555556 0.222222222222
0.484848484848 0.030303030303 0.121212121212 0.121212121212 0.121212121212 0.121212121212
0.333333333333 0.0833333333333 0.0833333333333 0.0833333333333 0.333333333333 0.0833333333333
0.266666666667 0.266666666667 0.0666666666667 0.0666666666667 0.266666666667 0.0666666666667
0.148148148148 0.592592592593 0.037037037037 0.037037037037 0.148148148148 0.037037037037
0.133333333333 0.533333333333 0.0333333333333 0.0333333333333 0.133333333333 0.133333333333
0.296296296296 0.296296296296 0.0185185185185 0.0185185185185 0.296296296296 0.0740740740741
0.242424242424 0.242424242424 0.0151515151515 0.0151515151515 0.242424242424 0.242424242424
0.075117370892 0.300469483568 0.00469483568075 0.018779342723 0.300469483568 0.300469483568
0.166666666667 0.166666666667 0.166666666667 0.166666666667 0.166666666667 0.166666666667
0.0666666666667 0.266666666667 0.266666666667 0.0666666666667 0.0666666666667 0.266666666667
0.121212121212 0.121212121212 0.484848484848 0.030303030303 0.121212121212 0.121212121212
0.0888888888889 0.355555555556 0.355555555556 0.0222222222222 0.0888888888889 0.0888888888889
0.231884057971 0.231884057971 0.231884057971 0.0144927536232 0.231884057971 0.0579710144928
0.380952380952 0.0952380952381 0.0952380952381 0.0238095238095 0.380952380952 0.0238095238095
0.156862745098 0.156862745098 0.0392156862745 0.00980392156863 0.627450980392 0.00980392156863
0.152380952381 0.152380952381 0.0380952380952 0.0380952380952 0.609523809524 0.00952380952381
0.300469483568 0.300469483568 0.018779342723 0.075117370892 0.300469483568 0.00469483568075
0.300469483568 0.300469483568 0.018779342723 0.075117370892 0.300469483568 0.00469483568075
0.105090311987 0.420361247947 0.0262725779967 0.0262725779967 0.420361247947 0.00164203612479
0.319600499376 0.319600499376 0.019975031211 0.019975031211 0.319600499376 0.00124843945069
0.319600499376 0.319600499376 0.019975031211 0.019975031211 0.319600499376 0.00124843945069
0.166666666667 0.166666666667 0.166666666667 0.166666666667 0.166666666667 0.166666666667
0.166666666667 0.166666666667 0.166666666667 0.166666666667 0.166666666667 0.166666666667
0.222222222222 0.222222222222 0.222222222222 0.222222222222 0.0555555555556 0.0555555555556
0.355555555556 0.355555555556 0.0888888888889 0.0888888888889 0.0888888888889 0.0222222222222
0.609523809524 0.152380952381 0.0380952380952 0.0380952380952 0.152380952381 0.00952380952381
0.828478964401 0.0517799352751 0.0129449838188 0.0517799352751 0.0517799352751 0.00323624595469
0.565121412804 0.141280353201 0.00883002207506 0.141280353201 0.141280353201 0.00220750551876
0.633271490414 0.0395794681509 0.00989486703772 0.158317872604 0.158317872604 0.000618429189858
0.566058595909 0.141514648977 0.00884466556108 0.141514648977 0.141514648977 0.000552791597568
0.390095238095 0.0975238095238 0.024380952381 0.0975238095238 0.390095238095 0.000380952380952
0.467100011404 0.0291937507127 0.00729843767818 0.0291937507127 0.467100011404 0.000114038088722
0.187674684994 0.0469186712486 0.00293241695304 0.0117296678121 0.750698739977 4.58190148912e-05
0.480286107935 0.030017881746 0.00187611760912 0.00750447043649 0.480286107935 2.93143376425e-05
0.166666666667 0.166666666667 0.166666666667 0.166666666667 0.166666666667 0.166666666667
0.190476190476 0.190476190476 0.190476190476 0.190476190476 0.190476190476 0.047619047619
0.280701754386 0.280701754386 0.0701754385965 0.0701754385965 0.280701754386 0.0175438596491
0.418300653595 0.104575163399 0.0261437908497 0.0261437908497 0.418300653595 0.00653594771242
0.717086834734 0.0448179271709 0.0112044817927 0.0448179271709 0.179271708683 0.00280112044818
0.396899224806 0.0992248062016 0.0062015503876 0.0992248062016 0.396899224806 0.0015503875969
0.429350104822 0.0268343815514 0.00670859538784 0.107337526205 0.429350104822 0.00041928721174
0.397361272798 0.0993403181995 0.00620876988747 0.0993403181995 0.397361272798 0.000388048117967
0.179743724767 0.0449359311919 0.011233982798 0.0449359311919 0.71897489907 0.000175530981218
0.457091842428 0.0285682401518 0.0285682401518 0.0285682401518 0.457091842428 0.000111594688093
0.477598017782 0.00746246902784 0.00746246902784 0.0298498761114 0.477598017782 2.915026964e-05
0.166666666667 0.166666666667 0.166666666667 0.166666666667 0.166666666667 0.166666666667
0.222222222222 0.222222222222 0.0555555555556 0.222222222222 0.0555555555556 0.222222222222
0.222222222222 0.222222222222 0.0555555555556 0.222222222222 0.0555555555556 0.222222222222
0.484848484848 0.121212121212 0.030303030303 0.121212121212 0.121212121212 0.121212121212
0.355555555556 0.0888888888889 0.0222222222222 0.0888888888889 0.355555555556 0.0888888888889
0.266666666667 0.266666666667 0.0666666666667 0.0666666666667 0.266666666667 0.0666666666667
0.380952380952 0.0952380952381 0.0238095238095 0.0952380952381 0.380952380952 0.0238095238095
0.296296296296 0.296296296296 0.0185185185185 0.0740740740741 0.296296296296 0.0185185185185
0.561403508772 0.140350877193 0.00877192982456 0.140350877193 0.140350877193 0.00877192982456
0.304761904762 0.0761904761905 0.0047619047619 0.304761904762 0.304761904762 0.0047619047619
0.245210727969 0.245210727969 0.00383141762452 0.245210727969 0.245210727969 0.0153256704981
0.248785228377 0.248785228377 0.000971817298348 0.248785228377 0.248785228377 0.00388726919339
0.142459654981 0.142459654981 0.000556483027268 0.142459654981 0.569838619922 0.00222593210907
0.0996884735202 0.0996884735202 0.00155763239875 0.398753894081 0.398753894081 0.00155763239875
0.159800249688 0.039950062422 0.000624219725343 0.159800249688 0.639200998752 0.000624219725343
0.0454384096557 0.0454384096557 0.000177493787717 0.181753638623 0.727014554491 0.000177493787717
0.039987503905 0.15995001562 0.000156201187129 0.15995001562 0.63980006248 0.000156201187129
0.0270127677535 0.432204284056 0.000422074496149 0.108051071014 0.432204284056 0.000105518624037
0.0454444592376 0.18177783695 0.000177517418897 0.0454444592376 0.727111347801 4.43793547242e-05
0.0121943958177 0.195110333083 4.76343586629e-05 0.0121943958177 0.780441332333 1.19085896657e-05
0.0470561203975 0.18822448159 4.59532425757e-05 0.0117640300994 0.75289792636 1.14883106439e-05
0.164940150806 0.164940150806 4.02685915053e-05 0.0103087594254 0.659760603224 1.00671478763e-05
0.110341111897 0.441364447587 2.69387480217e-05 0.00689631949355 0.441364447587 6.73468700542e-06
0.166666666667 0.166666666667 0.166666666667 0.166666666667 0.166666666667 0.166666666667
0.166666666667 0.166666666667 0.166666666667 0.166666666667 0.166666666667 0.166666666667
0.0666666666667 0.0666666666667 0.266666666667 0.266666666667 0.0666666666667 0.266666666667
0.190476190476 0.047619047619 0.190476190476 0.190476190476 0.190476190476 0.190476190476
0.111111111111 0.111111111111 0.111111111111 0.111111111111 0.444444444444 0.111111111111
0.0833333333333 0.333333333333 0.0833333333333 0.0833333333333 0.333333333333 0.0833333333333
0.037037037037 0.592592592593 0.148148148148 0.037037037037 0.148148148148 0.037037037037
0.0952380952381 0.380952380952 0.0952380952381 0.0238095238095 0.380952380952 0.0238095238095
0.280701754386 0.280701754386 0.0701754385965 0.0701754385965 0.280701754386 0.0175438596491
0.090395480226 0.361581920904 0.090395480226 0.090395480226 0.361581920904 0.00564971751412
0.137634408602 0.550537634409 0.137634408602 0.0344086021505 0.137634408602 0.00215053763441
0.0434487440597 0.695179904956 0.0434487440597 0.0434487440597 0.173794976239 0.000678886625933
