Price Resolution OpticalZoom DigitalZoom Weight StorageIncluded
0.166666666667 0.166666666667 0.166666666667 0.166666666667 0.166666666667 0.166666666667
0.222222222222 0.222222222222 0.0555555555556 0.222222222222 0.0555555555556 0.222222222222
0.533333333333 0.133333333333 0.0333333333333 0.133333333333 0.0333333333333 0.133333333333
0.79012345679 0.0493827160494 0.0123456790123 0.0493827160494 0.0493827160494 0.0493827160494
0.547008547009 0.136752136752 0.00854700854701 0.136752136752 0.136752136752 0.034188034188
0.547008547009 0.136752136752 0.00854700854701 0.136752136752 0.136752136752 0.034188034188
0.547008547009 0.136752136752 0.00854700854701 0.136752136752 0.136752136752 0.034188034188
0.300469483568 0.300469483568 0.00469483568075 0.075117370892 0.300469483568 0.018779342723
0.156862745098 0.627450980392 0.00980392156863 0.0392156862745 0.156862745098 0.00980392156863
0.323232323232 0.323232323232 0.00505050505051 0.020202020202 0.323232323232 0.00505050505051
0.330749354005 0.330749354005 0.00129198966408 0.00516795865633 0.330749354005 0.00129198966408
0.164736164736 0.164736164736 0.000643500643501 0.010296010296 0.658944658945 0.000643500643501
0.166666666667 0.166666666667 0.166666666667 0.166666666667 0.166666666667 0.166666666667
0.222222222222 0.0555555555556 0.222222222222 0.222222222222 0.0555555555556 0.222222222222
0.484848484848 0.030303030303 0.121212121212 0.121212121212 0.121212121212 0.121212121212
0.609523809524 0.00952380952381 0.0380952380952 0.152380952381 0.152380952381 0.0380952380952
0.296296296296 0.0185185185185 0.0185185185185 0.296296296296 0.296296296296 0.0740740740741
0.152380952381 0.0380952380952 0.00952380952381 0.152380952381 0.609523809524 0.0380952380952
0.387878787879 0.0969696969697 0.00606060606061 0.0969696969697 0.387878787879 0.0242424242424
0.717086834734 0.0448179271709 0.00280112044818 0.0448179271709 0.179271708683 0.0112044817927
0.396899224806 0.0992248062016 0.0015503875969 0.0992248062016 0.396899224806 0.0062015503876
0.166666666667 0.166666666667 0.166666666667 0.166666666667 0.166666666667 0.166666666667
0.222222222222 0.0555555555556 0.222222222222 0.222222222222 0.222222222222 0.0555555555556
0.380952380952 0.0238095238095 0.0952380952381 0.0952380952381 0.380952380952 0.0238095238095
0.463768115942 0.00724637681159 0.0289855072464 0.0289855072464 0.463768115942 0.00724637681159
0.185507246377 0.0115942028986 0.0115942028986 0.0463768115942 0.742028985507 0.00289855072464
0.179271708683 0.0448179271709 0.0112044817927 0.0448179271709 0.717086834734 0.00280112044818
0.428810720268 0.107202680067 0.00670016750419 0.0268006700168 0.428810720268 0.00167504187605
0.724699221515 0.0452937013447 0.00283085633404 0.0452937013447 0.181174805379 0.00070771408351
0.399220272904 0.0998050682261 0.00155945419103 0.0998050682261 0.399220272904 0.000389863547758
0.18127102142 0.0453177553549 0.00283235970968 0.0453177553549 0.725084085679 0.000177022481855
0.166666666667 0.166666666667 0.166666666667 0.166666666667 0.166666666667 0.166666666667
0.190476190476 0.190476190476 0.047619047619 0.190476190476 0.190476190476 0.190476190476
0.190476190476 0.190476190476 0.047619047619 0.190476190476 0.190476190476 0.190476190476
0.121212121212 0.121212121212 0.030303030303 0.121212121212 0.484848484848 0.121212121212
0.148148148148 0.037037037037 0.037037037037 0.148148148148 0.592592592593 0.037037037037
0.166666666667 0.166666666667 0.166666666667 0.166666666667 0.166666666667 0.166666666667
0.0555555555556 0.222222222222 0.0555555555556 0.222222222222 0.222222222222 0.222222222222
0.0555555555556 0.222222222222 0.0555555555556 0.222222222222 0.222222222222 0.222222222222
0.0333333333333 0.133333333333 0.0333333333333 0.133333333333 0.533333333333 0.133333333333
0.0416666666667 0.0416666666667 0.0416666666667 0.166666666667 0.666666666667 0.0416666666667
