Price Resolution OpticalZoom DigitalZoom Weight StorageIncluded
0.166666666667 0.166666666667 0.166666666667 0.166666666667 0.166666666667 0.166666666667
0.190476190476 0.190476190476 0.190476190476 0.190476190476 0.190476190476 0.047619047619
0.280701754386 0.280701754386 0.0701754385965 0.0701754385965 0.280701754386 0.0175438596491
0.418300653595 0.104575163399 0.0261437908497 0.0261437908497 0.418300653595 0.00653594771242
0.717086834734 0.0448179271709 0.0112044817927 0.0448179271709 0.179271708683 0.00280112044818
0.396899224806 0.0992248062016 0.0062015503876 0.0992248062016 0.396899224806 0.0015503875969
0.429350104822 0.0268343815514 0.00670859538784 0.107337526205 0.429350104822 0.00041928721174
0.429350104822 0.0268343815514 0.00670859538784 0.107337526205 0.429350104822 0.00041928721174
0.179743724767 0.0449359311919 0.011233982798 0.0449359311919 0.71897489907 0.000175530981218
0.194519637175 0.0121574773235 0.00303936933086 0.0121574773235 0.778078548701 4.74901457947e-05
0.166666666667 0.166666666667 0.166666666667 0.166666666667 0.166666666667 0.166666666667
0.190476190476 0.190476190476 0.047619047619 0.190476190476 0.190476190476 0.190476190476
0.190476190476 0.190476190476 0.047619047619 0.190476190476 0.190476190476 0.190476190476
0.355555555556 0.0888888888889 0.0222222222222 0.0888888888889 0.355555555556 0.0888888888889
0.688172043011 0.0430107526882 0.010752688172 0.0430107526882 0.172043010753 0.0430107526882
0.547008547009 0.136752136752 0.00854700854701 0.034188034188 0.136752136752 0.136752136752
0.361581920904 0.090395480226 0.00564971751412 0.090395480226 0.361581920904 0.090395480226
0.420361247947 0.105090311987 0.00164203612479 0.0262725779967 0.420361247947 0.0262725779967
0.477389277389 0.0298368298368 0.0004662004662 0.00745920745921 0.477389277389 0.00745920745921
0.189314106119 0.0473285265299 0.000184877056757 0.00295803290812 0.757256424478 0.00295803290812
0.482961914869 0.0301851196793 0.000117910623747 0.00188656997996 0.482961914869 0.00188656997996
0.788754092047 0.0123242826882 0.000192566917004 0.000770267668015 0.197188523012 0.000770267668015
0.483646239225 0.0302278899516 0.000118077695123 0.00188924312197 0.483646239225 0.000472310780494
0.19733102086 0.0123331888038 4.81765187648e-05 0.000770824300236 0.789324083442 0.000192706075059
0.197366677508 0.0123354173443 1.20463060003e-05 0.000770963584017 0.789466710033 4.81852240011e-05
0.166666666667 0.166666666667 0.166666666667 0.166666666667 0.166666666667 0.166666666667
0.0666666666667 0.266666666667 0.266666666667 0.0666666666667 0.0666666666667 0.266666666667
0.121212121212 0.121212121212 0.484848484848 0.030303030303 0.121212121212 0.121212121212
0.280701754386 0.0701754385965 0.280701754386 0.0175438596491 0.280701754386 0.0701754385965
0.609523809524 0.0380952380952 0.152380952381 0.00952380952381 0.152380952381 0.0380952380952
0.592592592593 0.037037037037 0.148148148148 0.037037037037 0.148148148148 0.037037037037
0.711111111111 0.0111111111111 0.0444444444444 0.0444444444444 0.177777777778 0.0111111111111
0.463768115942 0.00724637681159 0.0289855072464 0.0289855072464 0.463768115942 0.00724637681159
0.179271708683 0.0112044817927 0.0448179271709 0.0448179271709 0.717086834734 0.00280112044818
0.466302367942 0.00728597449909 0.0291438979964 0.0291438979964 0.466302367942 0.00182149362477
0.45390070922 0.0283687943262 0.0283687943262 0.0283687943262 0.45390070922 0.00709219858156
0.487619047619 0.00761904761905 0.00761904761905 0.00761904761905 0.487619047619 0.00190476190476
0.490421455939 0.00766283524904 0.00191570881226 0.00766283524904 0.490421455939 0.00191570881226
0.490421455939 0.00766283524904 0.00191570881226 0.00766283524904 0.490421455939 0.00191570881226
0.196620583717 0.0122887864823 0.000768049155146 0.00307219662058 0.786482334869 0.000768049155146
0.483474976393 0.0302171860246 0.000472143531634 0.00188857412653 0.483474976393 0.000472143531634
0.789210019268 0.0123314065511 0.00019267822736 0.000770712909441 0.197302504817 0.00019267822736
0.483817623435 0.0302386014647 0.000118119536971 0.00188991259154 0.483817623435 0.000118119536971
0.197359545148 0.0123349715717 4.81834827021e-05 0.000770935723234 0.789438180592 4.81834827021e-05
0.197373810384 0.012335863149 1.20467413565e-05 0.000770991446814 0.789495241537 1.20467413565e-05
0.166666666667 0.166666666667 0.166666666667 0.166666666667 0.166666666667 0.166666666667
0.222222222222 0.222222222222 0.0555555555556 0.222222222222 0.0555555555556 0.222222222222
0.222222222222 0.222222222222 0.0555555555556 0.222222222222 0.0555555555556 0.222222222222
0.484848484848 0.121212121212 0.030303030303 0.121212121212 0.121212121212 0.121212121212
0.688172043011 0.0430107526882 0.010752688172 0.0430107526882 0.172043010753 0.0430107526882
0.688172043011 0.0430107526882 0.010752688172 0.0430107526882 0.172043010753 0.0430107526882
0.742028985507 0.0115942028986 0.00289855072464 0.0463768115942 0.185507246377 0.0115942028986
0.717086834734 0.0448179271709 0.00280112044818 0.0448179271709 0.179271708683 0.0112044817927
0.428810720268 0.107202680067 0.00167504187605 0.0268006700168 0.428810720268 0.00670016750419
0.305854241338 0.305854241338 0.00119474313023 0.0764635603345 0.305854241338 0.00477897252091
0.398753894081 0.0996884735202 0.00155763239875 0.0996884735202 0.398753894081 0.00155763239875
0.47015610652 0.0293847566575 0.000459136822773 0.0293847566575 0.47015610652 0.000459136822773
0.188166115399 0.0470415288497 0.000183755972069 0.0117603822124 0.752664461595 0.000183755972069
0.188166115399 0.0470415288497 0.000183755972069 0.0117603822124 0.752664461595 0.000183755972069
0.18821799467 0.0470544986674 4.59516588549e-05 0.0117636246669 0.752871978678 4.59516588549e-05
0.166666666667 0.166666666667 0.166666666667 0.166666666667 0.166666666667 0.166666666667
0.0555555555556 0.222222222222 0.0555555555556 0.222222222222 0.222222222222 0.222222222222
0.0555555555556 0.222222222222 0.0555555555556 0.222222222222 0.222222222222 0.222222222222
0.121212121212 0.121212121212 0.030303030303 0.121212121212 0.484848484848 0.121212121212
0.0430107526882 0.0430107526882 0.010752688172 0.172043010753 0.688172043011 0.0430107526882
0.136752136752 0.136752136752 0.00854700854701 0.136752136752 0.547008547009 0.034188034188
0.0448179271709 0.179271708683 0.00280112044818 0.0448179271709 0.717086834734 0.0112044817927
0.158024691358 0.158024691358 0.00246913580247 0.0395061728395 0.632098765432 0.00987654320988
0.428810720268 0.107202680067 0.00167504187605 0.0268006700168 0.428810720268 0.00670016750419
0.428810720268 0.107202680067 0.00167504187605 0.0268006700168 0.428810720268 0.00670016750419
0.748538011696 0.046783625731 0.00292397660819 0.0116959064327 0.187134502924 0.00292397660819
0.65641025641 0.164102564103 0.0025641025641 0.0102564102564 0.164102564103 0.0025641025641
0.430976430976 0.107744107744 0.0016835016835 0.026936026936 0.430976430976 0.0016835016835
0.750183150183 0.0468864468864 0.0029304029304 0.0117216117216 0.187545787546 0.000732600732601
