Price Resolution OpticalZoom DigitalZoom Weight StorageIncluded
0.166666666667 0.166666666667 0.166666666667 0.166666666667 0.166666666667 0.166666666667
0.194444444444 0.194444444444 0.0277777777778 0.194444444444 0.194444444444 0.194444444444
0.597222222222 0.0972222222222 0.0138888888889 0.0972222222222 0.0972222222222 0.0972222222222
0.199074074074 0.0324074074074 0.00462962962963 0.365740740741 0.365740740741 0.0324074074074
0.0663580246914 0.344135802469 0.33487654321 0.121913580247 0.121913580247 0.0108024691358
0.0331790123457 0.172067901235 0.167438271605 0.0609567901235 0.560956790123 0.0054012345679
0.258294753086 0.293016975309 0.0418595679012 0.0152391975309 0.390239197531 0.00135030864198
0.419431584362 0.0976723251029 0.0139531893004 0.00507973251029 0.463413065844 0.000450102880658
0.473143861454 0.032557441701 0.00465106310014 0.0016932441701 0.487804355281 0.000150034293553
0.473143861454 0.032557441701 0.00465106310014 0.0016932441701 0.487804355281 0.000150034293553
0.294628772291 0.20651148834 0.20093021262 0.000338648834019 0.297560871056 3.00068587106e-05
0.0982095907636 0.0688371627801 0.06697673754 0.333446216278 0.432520290352 1.00022862369e-05
0.549104795382 0.03441858139 0.03348836877 0.166723108139 0.216260145176 5.00114311843e-06
0.774552397691 0.017209290695 0.016744184385 0.0833615540695 0.108130072588 2.50057155921e-06
0.166666666667 0.166666666667 0.166666666667 0.166666666667 0.166666666667 0.166666666667
0.194444444444 0.194444444444 0.0277777777778 0.194444444444 0.194444444444 0.194444444444
0.597222222222 0.0972222222222 0.0138888888889 0.0972222222222 0.0972222222222 0.0972222222222
0.199074074074 0.0324074074074 0.00462962962963 0.365740740741 0.365740740741 0.0324074074074
0.199074074074 0.0324074074074 0.00462962962963 0.365740740741 0.365740740741 0.0324074074074
0.099537037037 0.0162037037037 0.00231481481481 0.68287037037 0.18287037037 0.0162037037037
0.274884259259 0.254050925926 0.000578703703704 0.170717592593 0.295717592593 0.00405092592593
0.0916280864198 0.418016975309 0.000192901234568 0.0569058641975 0.431905864198 0.00135030864198
0.54581404321 0.209008487654 9.6450617284e-05 0.0284529320988 0.215952932099 0.000675154320988
0.772907021605 0.104504243827 4.8225308642e-05 0.0142264660494 0.107976466049 0.000337577160494
0.886453510802 0.0522521219136 2.4112654321e-05 0.00711323302469 0.0539882330247 0.000168788580247
0.295484503601 0.350750707305 8.03755144033e-06 0.0023710776749 0.351329411008 5.62628600823e-05
0.0738711259002 0.337687676826 2.00938786008e-06 0.250592769419 0.337832352752 1.40657150206e-05
0.268467781475 0.0844219192065 5.02346965021e-07 0.312648192355 0.334458088188 3.51642875514e-06
0.166666666667 0.166666666667 0.166666666667 0.166666666667 0.166666666667 0.166666666667
0.233333333333 0.0333333333333 0.233333333333 0.233333333333 0.0333333333333 0.233333333333
0.411111111111 0.0111111111111 0.0777777777778 0.0777777777778 0.344444444444 0.0777777777778
0.137037037037 0.337037037037 0.0259259259259 0.0259259259259 0.448148148148 0.0259259259259
0.0456790123457 0.445679012346 0.00864197530864 0.00864197530864 0.482716049383 0.00864197530864
0.522839506173 0.222839506173 0.00432098765432 0.00432098765432 0.241358024691 0.00432098765432
0.507613168724 0.0742798353909 0.00144032921811 0.334773662551 0.0804526748971 0.00144032921811
0.126903292181 0.268569958848 0.000360082304527 0.333693415638 0.270113168724 0.000360082304527
0.375634430727 0.422856652949 0.000120027434842 0.111231138546 0.0900377229081 0.000120027434842
0.125211476909 0.14095221765 4.00091449474e-05 0.370410379515 0.363345907636 4.00091449474e-05
0.375070492303 0.0469840725499 1.33363816491e-05 0.123470126505 0.454448635879 1.33363816491e-05
0.166666666667 0.166666666667 0.166666666667 0.166666666667 0.166666666667 0.166666666667
0.0416666666667 0.0416666666667 0.291666666667 0.291666666667 0.0416666666667 0.291666666667
0.347222222222 0.0138888888889 0.0972222222222 0.0972222222222 0.347222222222 0.0972222222222
0.115740740741 0.337962962963 0.0324074074074 0.0324074074074 0.449074074074 0.0324074074074
0.0578703703704 0.668981481481 0.0162037037037 0.0162037037037 0.224537037037 0.0162037037037
0.528935185185 0.334490740741 0.00810185185185 0.00810185185185 0.112268518519 0.00810185185185
0.509645061728 0.444830246914 0.00270061728395 0.00270061728395 0.0374228395062 0.00270061728395
0.503215020576 0.148276748971 0.334233539095 0.000900205761317 0.0124742798354 0.000900205761317
0.375803755144 0.0370691872428 0.0835583847737 0.25022505144 0.253118569959 0.000225051440329
0.166666666667 0.166666666667 0.166666666667 0.166666666667 0.166666666667 0.166666666667
0.194444444444 0.194444444444 0.0277777777778 0.194444444444 0.194444444444 0.194444444444
0.597222222222 0.0972222222222 0.0138888888889 0.0972222222222 0.0972222222222 0.0972222222222
0.199074074074 0.0324074074074 0.00462962962963 0.365740740741 0.365740740741 0.0324074074074
0.199074074074 0.0324074074074 0.00462962962963 0.365740740741 0.365740740741 0.0324074074074
0.599537037037 0.0162037037037 0.00231481481481 0.18287037037 0.18287037037 0.0162037037037
0.266589506173 0.169367283951 0.000385802469136 0.197145061728 0.197145061728 0.169367283951
0.133294753086 0.0846836419753 0.500192901235 0.0985725308642 0.0985725308642 0.0846836419753
0.161899250441 0.154954805996 0.214313271605 0.156938932981 0.156938932981 0.154954805996
0.0809496252205 0.577477402998 0.107156635802 0.0784694664903 0.0784694664903 0.0774774029982
0.270237406305 0.39436935075 0.0267891589506 0.269617366623 0.0196173666226 0.0193693507496
