Price Resolution OpticalZoom DigitalZoom Weight StorageIncluded
0.166666666667 0.166666666667 0.166666666667 0.166666666667 0.166666666667 0.166666666667
0.190476190476 0.190476190476 0.047619047619 0.190476190476 0.190476190476 0.190476190476
0.190476190476 0.190476190476 0.047619047619 0.190476190476 0.190476190476 0.190476190476
0.190476190476 0.190476190476 0.047619047619 0.190476190476 0.190476190476 0.190476190476
0.280701754386 0.0701754385965 0.0175438596491 0.280701754386 0.280701754386 0.0701754385965
0.222222222222 0.222222222222 0.0555555555556 0.222222222222 0.222222222222 0.0555555555556
0.133333333333 0.533333333333 0.0333333333333 0.133333333333 0.133333333333 0.0333333333333
0.296296296296 0.296296296296 0.0185185185185 0.0740740740741 0.296296296296 0.0185185185185
0.627450980392 0.156862745098 0.00980392156863 0.0392156862745 0.156862745098 0.00980392156863
0.748538011696 0.187134502924 0.00292397660819 0.0116959064327 0.046783625731 0.00292397660819
0.439862542955 0.439862542955 0.00171821305842 0.00687285223368 0.109965635739 0.00171821305842
0.164736164736 0.658944658945 0.000643500643501 0.010296010296 0.164736164736 0.000643500643501
0.431521281079 0.431521281079 0.00168563000421 0.0269700800674 0.10788032027 0.000421407501054
0.307230723072 0.307230723072 0.001200120012 0.0768076807681 0.307230723072 0.000300030003
0.108051071014 0.432204284056 0.000422074496149 0.0270127677535 0.432204284056 0.000105518624037
0.0470415288497 0.752664461595 0.000183755972069 0.0117603822124 0.188166115399 0.000183755972069
0.0470415288497 0.752664461595 0.000183755972069 0.0117603822124 0.188166115399 0.000183755972069
0.108085286046 0.432341144184 0.000105552037154 0.0270213215115 0.432341144184 0.000105552037154
0.0454505104305 0.727208166889 4.43852640923e-05 0.0454505104305 0.181802041722 4.43852640923e-05
0.0117640300994 0.75289792636 1.14883106439e-05 0.0470561203975 0.18822448159 4.59532425757e-05
0.00751852096595 0.481185341821 7.34230563081e-06 0.0300740838638 0.481185341821 2.93692225233e-05
0.166666666667 0.166666666667 0.166666666667 0.166666666667 0.166666666667 0.166666666667
0.190476190476 0.190476190476 0.190476190476 0.190476190476 0.190476190476 0.047619047619
0.355555555556 0.0888888888889 0.0888888888889 0.0888888888889 0.355555555556 0.0222222222222
0.355555555556 0.0888888888889 0.0888888888889 0.0888888888889 0.355555555556 0.0222222222222
0.172043010753 0.0430107526882 0.0430107526882 0.0430107526882 0.688172043011 0.010752688172
0.192192192192 0.012012012012 0.012012012012 0.012012012012 0.768768768769 0.003003003003
0.487619047619 0.00761904761905 0.00761904761905 0.00761904761905 0.487619047619 0.00190476190476
0.196168582375 0.0122605363985 0.00306513409962 0.00306513409962 0.784674329502 0.000766283524904
0.0578531073446 0.0144632768362 0.00090395480226 0.00090395480226 0.925649717514 0.000225988700565
0.0553035212789 0.0553035212789 0.000864117519983 0.00345647007993 0.884856340462 0.000216029379996
0.0151327067447 0.0151327067447 0.000236448542886 0.000945794171543 0.96849323166 5.91121357215e-05
0.00382952624572 0.0153181049829 0.000239345390357 0.000239345390357 0.980358718904 1.49590868973e-05
0.00366127486735 0.0585803978776 0.000228829679209 0.000228829679209 0.937286366042 1.43018549506e-05
0.166666666667 0.166666666667 0.166666666667 0.166666666667 0.166666666667 0.166666666667
0.166666666667 0.166666666667 0.166666666667 0.166666666667 0.166666666667 0.166666666667
0.190476190476 0.190476190476 0.190476190476 0.190476190476 0.047619047619 0.190476190476
0.444444444444 0.111111111111 0.111111111111 0.111111111111 0.111111111111 0.111111111111
0.666666666667 0.0416666666667 0.0416666666667 0.0416666666667 0.166666666667 0.0416666666667
0.380952380952 0.0952380952381 0.0238095238095 0.0952380952381 0.380952380952 0.0238095238095
0.296296296296 0.296296296296 0.0185185185185 0.0740740740741 0.296296296296 0.0185185185185
0.156862745098 0.627450980392 0.00980392156863 0.0392156862745 0.156862745098 0.00980392156863
0.304761904762 0.304761904762 0.0047619047619 0.0761904761905 0.304761904762 0.0047619047619
0.306954436451 0.306954436451 0.00119904076739 0.0767386091127 0.306954436451 0.00119904076739
0.326010824578 0.326010824578 0.000318369945877 0.0203756765361 0.326010824578 0.00127347978351
0.659262835989 0.164815708997 0.000160952840818 0.0103009818123 0.164815708997 0.000643811363271
0.759467853335 0.0474667408334 4.63542390952e-05 0.00296667130209 0.189866963334 0.000185416956381
0.664800162305 0.166200040576 4.05761817813e-05 0.002596875634 0.166200040576 0.000162304727125
0.166666666667 0.166666666667 0.166666666667 0.166666666667 0.166666666667 0.166666666667
0.222222222222 0.222222222222 0.0555555555556 0.222222222222 0.222222222222 0.0555555555556
0.222222222222 0.222222222222 0.0555555555556 0.222222222222 0.222222222222 0.0555555555556
0.533333333333 0.133333333333 0.0333333333333 0.133333333333 0.133333333333 0.0333333333333
0.711111111111 0.0444444444444 0.0111111111111 0.0444444444444 0.177777777778 0.0111111111111
0.426666666667 0.106666666667 0.00666666666667 0.0266666666667 0.426666666667 0.00666666666667
0.300469483568 0.300469483568 0.018779342723 0.075117370892 0.300469483568 0.00469483568075
0.389649923896 0.0974124809741 0.0243531202435 0.0974124809741 0.389649923896 0.00152207001522
0.466940264478 0.0291837665299 0.00729594163247 0.0291837665299 0.466940264478 0.000455996352029
0.420879572544 0.105219893136 0.026304973284 0.026304973284 0.420879572544 0.000411015207563
0.31990003124 0.31990003124 0.0199937519525 0.0199937519525 0.31990003124 0.000312402374258
0.438309256287 0.109577314072 0.00684858212948 0.00684858212948 0.438309256287 0.000107009095773
0.480286107935 0.030017881746 0.00187611760912 0.00750447043649 0.480286107935 2.93143376425e-05
0.440607771951 0.110151942988 0.00172112410918 0.00688449643674 0.440607771951 2.6892564206e-05
