Price Resolution OpticalZoom DigitalZoom Weight StorageIncluded
0.166666666667 0.166666666667 0.166666666667 0.166666666667 0.166666666667 0.166666666667
0.0333333333333 0.233333333333 0.233333333333 0.233333333333 0.0333333333333 0.233333333333
0.0166666666667 0.116666666667 0.116666666667 0.116666666667 0.516666666667 0.116666666667
0.338888888889 0.0388888888889 0.0388888888889 0.0388888888889 0.505555555556 0.0388888888889
0.446296296296 0.012962962963 0.012962962963 0.012962962963 0.501851851852 0.012962962963
0.482098765432 0.337654320988 0.00432098765432 0.00432098765432 0.167283950617 0.00432098765432
0.241049382716 0.668827160494 0.00216049382716 0.00216049382716 0.0836419753086 0.00216049382716
0.0803497942387 0.222942386831 0.000720164609053 0.334053497942 0.36121399177 0.000720164609053
0.0200874485597 0.0557355967078 0.250180041152 0.333513374486 0.340303497942 0.000180041152263
0.0100437242798 0.0278677983539 0.125090020576 0.166756687243 0.170151748971 0.500090020576
0.166666666667 0.166666666667 0.166666666667 0.166666666667 0.166666666667 0.166666666667
0.0416666666667 0.291666666667 0.291666666667 0.0416666666667 0.0416666666667 0.291666666667
0.260416666667 0.0729166666667 0.322916666667 0.0104166666667 0.260416666667 0.0729166666667
0.130208333333 0.536458333333 0.161458333333 0.00520833333333 0.130208333333 0.0364583333333
0.376736111111 0.178819444444 0.0538194444444 0.00173611111111 0.376736111111 0.0121527777778
0.344184027778 0.0447048611111 0.0134548611111 0.250434027778 0.344184027778 0.00303819444444
0.0860460069444 0.261176215278 0.00336371527778 0.312608506944 0.336046006944 0.000759548611111
0.0860460069444 0.261176215278 0.00336371527778 0.312608506944 0.336046006944 0.000759548611111
0.271511501736 0.315294053819 0.000840928819444 0.328152126736 0.0840115017361 0.000189887152778
0.067877875434 0.328823513455 0.000210232204861 0.332038031684 0.021002875434 0.250047471788
0.067877875434 0.328823513455 0.000210232204861 0.332038031684 0.021002875434 0.250047471788
0.213575575087 0.265764702691 4.20464409722e-05 0.266407606337 0.204200575087 0.0500094943576
0.106787787543 0.132882351345 2.10232204861e-05 0.133203803168 0.602100287543 0.0250047471788
0.553393893772 0.0664411756727 1.05116102431e-05 0.0666019015842 0.301050143772 0.0125023735894
0.776696946886 0.0332205878364 5.25580512153e-06 0.0333009507921 0.150525071886 0.0062511867947
0.388348473443 0.516610293918 2.62790256076e-06 0.0166504753961 0.0752625359429 0.00312559339735
0.0970871183607 0.37915257348 6.56975640191e-07 0.254162618849 0.268815633986 0.000781398349338
0.27427177959 0.0947881433699 0.250000164244 0.313540654712 0.0672039084964 0.000195349587335
0.424757259863 0.03159604779 0.0833333880813 0.104513551571 0.355734636165 6.51165291115e-05
0.141585753288 0.343865349263 0.0277777960271 0.0348378505236 0.118578212055 0.333355038843
0.166666666667 0.166666666667 0.166666666667 0.166666666667 0.166666666667 0.166666666667
0.233333333333 0.233333333333 0.0333333333333 0.233333333333 0.233333333333 0.0333333333333
0.233333333333 0.233333333333 0.0333333333333 0.233333333333 0.233333333333 0.0333333333333
0.411111111111 0.0777777777778 0.0111111111111 0.0777777777778 0.411111111111 0.0111111111111
0.352777777778 0.0194444444444 0.00277777777778 0.269444444444 0.352777777778 0.00277777777778
0.0881944444444 0.254861111111 0.250694444444 0.0673611111111 0.0881944444444 0.250694444444
0.544097222222 0.127430555556 0.125347222222 0.0336805555556 0.0440972222222 0.125347222222
0.386024305556 0.0318576388889 0.0313368055556 0.258420138889 0.261024305556 0.0313368055556
0.0772048611111 0.206371527778 0.00626736111111 0.251684027778 0.252204861111 0.206267361111
0.0386024305556 0.603185763889 0.00313368055556 0.125842013889 0.126102430556 0.103133680556
0.0128674768519 0.53439525463 0.334377893519 0.041947337963 0.0420341435185 0.0343778935185
0.337622492284 0.178131751543 0.11145929784 0.0139824459877 0.347344714506 0.0114592978395
0.445874164095 0.0593772505144 0.0371530992798 0.337994148663 0.115781571502 0.0038197659465
0.445874164095 0.0593772505144 0.0371530992798 0.337994148663 0.115781571502 0.0038197659465
0.111468541024 0.264844312629 0.00928827481996 0.334498537166 0.278945392876 0.000954941486626
0.0371561803412 0.421614770876 0.00309609160665 0.111499512389 0.0929817976252 0.333651647162
0.0371561803412 0.421614770876 0.00309609160665 0.111499512389 0.0929817976252 0.333651647162
0.34571872678 0.140538256959 0.00103203053555 0.0371665041295 0.364327265875 0.111217215721
0.67285936339 0.0702691284794 0.000516015267775 0.0185832520648 0.182163632938 0.0556086078604
0.224286454463 0.0234230428265 0.333505338423 0.339527750688 0.0607212109792 0.0185362026201
0.0747621514878 0.341141014275 0.444501779474 0.113175916896 0.0202404036597 0.00617873420671
0.0249207171626 0.447047004758 0.148167259825 0.037725305632 0.00674680121991 0.335392911402
0.256230179291 0.11176175119 0.0370418149562 0.259431326408 0.251686700305 0.0838482278506
0.418743393097 0.0372539170632 0.0123472716521 0.0864771088027 0.0838955667683 0.361282742617
0.418743393097 0.0372539170632 0.0123472716521 0.0864771088027 0.0838955667683 0.361282742617
0.166666666667 0.166666666667 0.166666666667 0.166666666667 0.166666666667 0.166666666667
0.0416666666667 0.291666666667 0.291666666667 0.0416666666667 0.0416666666667 0.291666666667
0.260416666667 0.0729166666667 0.322916666667 0.0104166666667 0.260416666667 0.0729166666667
0.130208333333 0.536458333333 0.161458333333 0.00520833333333 0.130208333333 0.0364583333333
0.376736111111 0.178819444444 0.0538194444444 0.00173611111111 0.376736111111 0.0121527777778
0.344184027778 0.0447048611111 0.0134548611111 0.250434027778 0.344184027778 0.00303819444444
0.0860460069444 0.261176215278 0.00336371527778 0.312608506944 0.336046006944 0.000759548611111
0.0860460069444 0.261176215278 0.00336371527778 0.312608506944 0.336046006944 0.000759548611111
0.271511501736 0.315294053819 0.000840928819444 0.328152126736 0.0840115017361 0.000189887152778
0.067877875434 0.328823513455 0.000210232204861 0.332038031684 0.021002875434 0.250047471788
0.067877875434 0.328823513455 0.000210232204861 0.332038031684 0.021002875434 0.250047471788
0.213575575087 0.265764702691 4.20464409722e-05 0.266407606337 0.204200575087 0.0500094943576
0.404525191696 0.0885882342303 1.40154803241e-05 0.0888025354456 0.401400191696 0.0166698314525
0.468175063899 0.0295294114101 4.67182677469e-06 0.0296008451485 0.467133397232 0.00555661048418
0.156058354633 0.34317647047 0.333334890609 0.00986694838284 0.155711132411 0.00185220349473
0.385352784878 0.114392156823 0.111111630203 0.00328898279428 0.385237044137 0.000617401164909
0.692676392439 0.0571960784117 0.0555558151015 0.00164449139714 0.192618522068 0.000308700582455
0.564225464146 0.0190653594706 0.0185186050338 0.333881497132 0.0642061740228 0.000102900194152
0.141056366037 0.254766339868 0.00462965125846 0.333470374283 0.266051543506 2.57250485379e-05
0.0282112732073 0.250953267974 0.200925930252 0.266694074857 0.0532103087011 0.20000514501
0.166666666667 0.166666666667 0.166666666667 0.166666666667 0.166666666667 0.166666666667
0.194444444444 0.194444444444 0.194444444444 0.194444444444 0.194444444444 0.0277777777778
0.398148148148 0.0648148148148 0.0648148148148 0.0648148148148 0.398148148148 0.00925925925926
0.466049382716 0.0216049382716 0.0216049382716 0.0216049382716 0.466049382716 0.00308641975309
0.116512345679 0.255401234568 0.0054012345679 0.255401234568 0.366512345679 0.000771604938272
0.0582561728395 0.627700617284 0.00270061728395 0.127700617284 0.18325617284 0.000385802469136
0.0145640432099 0.156925154321 0.250675154321 0.281925154321 0.0458140432099 0.250096450617
0.338188014403 0.0523083847737 0.0835583847737 0.0939750514403 0.34860468107 0.0833654835391
0.169094007202 0.526154192387 0.0417791923868 0.0469875257202 0.174302340535 0.0416827417695
0.0563646690672 0.508718064129 0.0139263974623 0.0156625085734 0.0581007801783 0.34722758059
