Price Resolution OpticalZoom DigitalZoom Weight StorageIncluded
0.166666666667 0.166666666667 0.166666666667 0.166666666667 0.166666666667 0.166666666667
0.0666666666667 0.266666666667 0.266666666667 0.266666666667 0.0666666666667 0.0666666666667
0.121212121212 0.484848484848 0.121212121212 0.121212121212 0.121212121212 0.030303030303
0.0430107526882 0.688172043011 0.0430107526882 0.0430107526882 0.172043010753 0.010752688172
0.0283687943262 0.45390070922 0.0283687943262 0.0283687943262 0.45390070922 0.00709219858156
0.104575163399 0.418300653595 0.0261437908497 0.0261437908497 0.418300653595 0.00653594771242
0.104575163399 0.418300653595 0.0261437908497 0.0261437908497 0.418300653595 0.00653594771242
0.0969696969697 0.387878787879 0.0969696969697 0.0242424242424 0.387878787879 0.00606060606061
0.158024691358 0.632098765432 0.0395061728395 0.00987654320988 0.158024691358 0.00246913580247
0.0468864468864 0.750183150183 0.0117216117216 0.0029304029304 0.187545787546 0.000732600732601
0.0144241604688 0.923146270002 0.0036060401172 0.000901510029299 0.0576966418751 0.000225377507325
0.166666666667 0.166666666667 0.166666666667 0.166666666667 0.166666666667 0.166666666667
0.0666666666667 0.266666666667 0.266666666667 0.266666666667 0.0666666666667 0.0666666666667
0.190476190476 0.190476190476 0.190476190476 0.190476190476 0.190476190476 0.047619047619
0.355555555556 0.0888888888889 0.0888888888889 0.0888888888889 0.355555555556 0.0222222222222
0.609523809524 0.0380952380952 0.0380952380952 0.152380952381 0.152380952381 0.00952380952381
0.609523809524 0.0380952380952 0.0380952380952 0.152380952381 0.152380952381 0.00952380952381
0.300469483568 0.075117370892 0.018779342723 0.300469483568 0.300469483568 0.00469483568075
0.324461343473 0.020278833967 0.00506970849176 0.324461343473 0.324461343473 0.00126742712294
0.324461343473 0.020278833967 0.00506970849176 0.324461343473 0.324461343473 0.00126742712294
0.163161249203 0.0101975780752 0.0101975780752 0.163161249203 0.652644996813 0.0006373486297
0.166666666667 0.166666666667 0.166666666667 0.166666666667 0.166666666667 0.166666666667
0.0666666666667 0.266666666667 0.266666666667 0.266666666667 0.0666666666667 0.0666666666667
0.0333333333333 0.533333333333 0.133333333333 0.133333333333 0.133333333333 0.0333333333333
0.0701754385965 0.280701754386 0.0701754385965 0.280701754386 0.280701754386 0.0175438596491
0.0380952380952 0.152380952381 0.0380952380952 0.152380952381 0.609523809524 0.00952380952381
0.0112044817927 0.0448179271709 0.0448179271709 0.179271708683 0.717086834734 0.00280112044818
0.0433604336043 0.0433604336043 0.0433604336043 0.173441734417 0.693766937669 0.00271002710027
0.0383693045564 0.153477218225 0.0383693045564 0.153477218225 0.613908872902 0.00239808153477
0.0262725779967 0.105090311987 0.0262725779967 0.420361247947 0.420361247947 0.00164203612479
0.0713489409142 0.285395763657 0.0713489409142 0.285395763657 0.285395763657 0.00111482720178
0.0199937519525 0.31990003124 0.0199937519525 0.31990003124 0.31990003124 0.000312402374258
0.0102024549657 0.652957117806 0.0102024549657 0.163239279452 0.163239279452 0.000159413358839
0.166666666667 0.166666666667 0.166666666667 0.166666666667 0.166666666667 0.166666666667
0.166666666667 0.166666666667 0.166666666667 0.166666666667 0.166666666667 0.166666666667
0.190476190476 0.190476190476 0.047619047619 0.190476190476 0.190476190476 0.190476190476
0.190476190476 0.190476190476 0.047619047619 0.190476190476 0.190476190476 0.190476190476
0.121212121212 0.121212121212 0.030303030303 0.121212121212 0.484848484848 0.121212121212
0.355555555556 0.0888888888889 0.0222222222222 0.0888888888889 0.355555555556 0.0888888888889
0.45390070922 0.0283687943262 0.00709219858156 0.0283687943262 0.45390070922 0.0283687943262
0.45390070922 0.0283687943262 0.00709219858156 0.0283687943262 0.45390070922 0.0283687943262
