Price Resolution OpticalZoom DigitalZoom Weight StorageIncluded
0.166666666667 0.166666666667 0.166666666667 0.166666666667 0.166666666667 0.166666666667
0.190476190476 0.190476190476 0.190476190476 0.190476190476 0.190476190476 0.047619047619
0.0888888888889 0.355555555556 0.0888888888889 0.0888888888889 0.355555555556 0.0222222222222
0.152380952381 0.609523809524 0.0380952380952 0.0380952380952 0.152380952381 0.00952380952381
0.361581920904 0.361581920904 0.090395480226 0.090395480226 0.090395480226 0.00564971751412
0.613908872902 0.153477218225 0.0383693045564 0.0383693045564 0.153477218225 0.00239808153477
0.864135021097 0.0540084388186 0.0135021097046 0.0135021097046 0.0540084388186 0.00084388185654
0.718596491228 0.179649122807 0.0449122807018 0.0112280701754 0.0449122807018 0.000701754385965
0.420879572544 0.420879572544 0.026304973284 0.026304973284 0.105219893136 0.000411015207563
0.363507277245 0.363507277245 0.0908768193113 0.0908768193113 0.0908768193113 0.000354987575435
0.173883511632 0.695534046527 0.043470877908 0.043470877908 0.043470877908 0.000169808116828
0.173883511632 0.695534046527 0.043470877908 0.043470877908 0.043470877908 0.000169808116828
0.421009353479 0.421009353479 0.0263130845925 0.0263130845925 0.10525233837 0.000102785486689
0.467139965215 0.467139965215 0.00729906195649 0.029196247826 0.029196247826 2.85119607675e-05
0.397505883495 0.397505883495 0.0062110294296 0.0993764708737 0.0993764708737 2.42618337094e-05
0.166666666667 0.166666666667 0.166666666667 0.166666666667 0.166666666667 0.166666666667
0.222222222222 0.0555555555556 0.0555555555556 0.222222222222 0.222222222222 0.222222222222
0.380952380952 0.0238095238095 0.0238095238095 0.0952380952381 0.380952380952 0.0952380952381
0.172043010753 0.0430107526882 0.010752688172 0.0430107526882 0.688172043011 0.0430107526882
0.152380952381 0.152380952381 0.00952380952381 0.0380952380952 0.609523809524 0.0380952380952
0.104575163399 0.418300653595 0.00653594771242 0.0261437908497 0.418300653595 0.0261437908497
0.0952380952381 0.380952380952 0.0238095238095 0.0952380952381 0.380952380952 0.0238095238095
0.156862745098 0.156862745098 0.00980392156863 0.0392156862745 0.627450980392 0.00980392156863
0.136752136752 0.136752136752 0.034188034188 0.136752136752 0.547008547009 0.00854700854701
0.284444444444 0.284444444444 0.0711111111111 0.0711111111111 0.284444444444 0.00444444444444
0.0974124809741 0.389649923896 0.0243531202435 0.0974124809741 0.389649923896 0.00152207001522
0.0449122807018 0.179649122807 0.0112280701754 0.0449122807018 0.718596491228 0.000701754385965
0.0268343815514 0.429350104822 0.00670859538784 0.107337526205 0.429350104822 0.00041928721174
0.0449359311919 0.179743724767 0.011233982798 0.0449359311919 0.71897489907 0.000175530981218
0.0263130845925 0.421009353479 0.0263130845925 0.10525233837 0.421009353479 0.000102785486689
0.166666666667 0.166666666667 0.166666666667 0.166666666667 0.166666666667 0.166666666667
0.166666666667 0.166666666667 0.166666666667 0.166666666667 0.166666666667 0.166666666667
0.166666666667 0.166666666667 0.166666666667 0.166666666667 0.166666666667 0.166666666667
0.0833333333333 0.0833333333333 0.333333333333 0.333333333333 0.0833333333333 0.0833333333333
0.0555555555556 0.222222222222 0.222222222222 0.222222222222 0.222222222222 0.0555555555556
0.0333333333333 0.533333333333 0.133333333333 0.133333333333 0.133333333333 0.0333333333333
0.0888888888889 0.355555555556 0.0888888888889 0.0888888888889 0.355555555556 0.0222222222222
0.231884057971 0.231884057971 0.231884057971 0.0579710144928 0.231884057971 0.0144927536232
0.136752136752 0.136752136752 0.136752136752 0.034188034188 0.547008547009 0.00854700854701
0.300469483568 0.075117370892 0.300469483568 0.018779342723 0.300469483568 0.00469483568075
0.0974124809741 0.0974124809741 0.389649923896 0.0243531202435 0.389649923896 0.00152207001522
0.141514648977 0.141514648977 0.566058595909 0.00884466556108 0.141514648977 0.000552791597568
0.166666666667 0.166666666667 0.166666666667 0.166666666667 0.166666666667 0.166666666667
0.0666666666667 0.266666666667 0.266666666667 0.0666666666667 0.0666666666667 0.266666666667
0.0666666666667 0.266666666667 0.266666666667 0.0666666666667 0.0666666666667 0.266666666667
0.222222222222 0.222222222222 0.222222222222 0.0555555555556 0.0555555555556 0.222222222222
0.166666666667 0.166666666667 0.166666666667 0.166666666667 0.166666666667 0.166666666667
0.222222222222 0.0555555555556 0.222222222222 0.222222222222 0.222222222222 0.0555555555556
0.133333333333 0.0333333333333 0.133333333333 0.133333333333 0.533333333333 0.0333333333333
0.177777777778 0.0111111111111 0.0444444444444 0.0444444444444 0.711111111111 0.0111111111111
0.185507246377 0.0115942028986 0.0463768115942 0.0115942028986 0.742028985507 0.00289855072464
0.173441734417 0.0433604336043 0.0433604336043 0.0433604336043 0.693766937669 0.00271002710027
0.420361247947 0.0262725779967 0.105090311987 0.0262725779967 0.420361247947 0.00164203612479
0.389649923896 0.0974124809741 0.0974124809741 0.0243531202435 0.389649923896 0.00152207001522
0.285395763657 0.0713489409142 0.285395763657 0.0713489409142 0.285395763657 0.00111482720178
0.420879572544 0.026304973284 0.420879572544 0.026304973284 0.105219893136 0.000411015207563
0.166666666667 0.166666666667 0.166666666667 0.166666666667 0.166666666667 0.166666666667
0.166666666667 0.166666666667 0.166666666667 0.166666666667 0.166666666667 0.166666666667
0.0666666666667 0.266666666667 0.266666666667 0.266666666667 0.0666666666667 0.0666666666667
0.0333333333333 0.533333333333 0.133333333333 0.133333333333 0.133333333333 0.0333333333333
0.121212121212 0.484848484848 0.121212121212 0.121212121212 0.121212121212 0.030303030303
0.0701754385965 0.280701754386 0.280701754386 0.280701754386 0.0701754385965 0.0175438596491
0.197530864198 0.197530864198 0.197530864198 0.197530864198 0.197530864198 0.0123456790123
0.496124031008 0.124031007752 0.124031007752 0.124031007752 0.124031007752 0.0077519379845
0.234432234432 0.234432234432 0.0586080586081 0.234432234432 0.234432234432 0.003663003663
0.124756335283 0.124756335283 0.124756335283 0.499025341131 0.124756335283 0.00194931773879
0.23507805326 0.23507805326 0.23507805326 0.23507805326 0.058769513315 0.000918273645546
0.166666666667 0.166666666667 0.166666666667 0.166666666667 0.166666666667 0.166666666667
0.0666666666667 0.266666666667 0.266666666667 0.266666666667 0.0666666666667 0.0666666666667
0.0333333333333 0.533333333333 0.133333333333 0.133333333333 0.133333333333 0.0333333333333
0.121212121212 0.484848484848 0.121212121212 0.121212121212 0.121212121212 0.030303030303
0.0701754385965 0.280701754386 0.280701754386 0.280701754386 0.0701754385965 0.0175438596491
0.197530864198 0.197530864198 0.197530864198 0.197530864198 0.197530864198 0.0123456790123
0.496124031008 0.124031007752 0.124031007752 0.124031007752 0.124031007752 0.0077519379845
0.234432234432 0.234432234432 0.0586080586081 0.234432234432 0.234432234432 0.003663003663
0.124756335283 0.124756335283 0.124756335283 0.499025341131 0.124756335283 0.00194931773879
0.23507805326 0.23507805326 0.23507805326 0.23507805326 0.058769513315 0.000918273645546
