Price Resolution OpticalZoom DigitalZoom Weight StorageIncluded
0.166666666667 0.166666666667 0.166666666667 0.166666666667 0.166666666667 0.166666666667
0.166666666667 0.166666666667 0.166666666667 0.166666666667 0.166666666667 0.166666666667
0.190476190476 0.190476190476 0.190476190476 0.190476190476 0.047619047619 0.190476190476
0.444444444444 0.111111111111 0.111111111111 0.111111111111 0.111111111111 0.111111111111
0.666666666667 0.0416666666667 0.0416666666667 0.0416666666667 0.166666666667 0.0416666666667
0.410256410256 0.102564102564 0.025641025641 0.025641025641 0.410256410256 0.025641025641
0.313725490196 0.313725490196 0.0196078431373 0.0196078431373 0.313725490196 0.0196078431373
0.426666666667 0.106666666667 0.00666666666667 0.0266666666667 0.426666666667 0.00666666666667
0.748538011696 0.046783625731 0.00292397660819 0.0116959064327 0.187134502924 0.00292397660819
0.922522522523 0.0144144144144 0.000900900900901 0.0036036036036 0.0576576576577 0.000900900900901
0.750183150183 0.0468864468864 0.000732600732601 0.0117216117216 0.187545787546 0.0029304029304
0.786935638809 0.0122958693564 0.000192122958694 0.0030739673391 0.196733909702 0.000768491834774
0.483646239225 0.0302278899516 0.000118077695123 0.00188924312197 0.483646239225 0.000472310780494
0.495089595987 0.0077357749373 3.02178708488e-05 0.00193394373432 0.495089595987 0.000120871483395
0.1992096784 0.003112651225 1.21587938477e-05 0.00077816280625 0.7968387136 4.86351753906e-05
0.495145704421 0.00773665163157 7.55532385896e-06 0.00193416290789 0.495145704421 3.02212954358e-05
0.498038388686 0.0019454624558 1.8998656795e-06 0.0019454624558 0.498038388686 3.03978508719e-05
0.497992974937 0.00194528505835 1.89969243979e-06 0.00194528505835 0.497992974937 0.000121580316147
0.497992974937 0.00194528505835 1.89969243979e-06 0.00194528505835 0.497992974937 0.000121580316147
0.497992974937 0.00194528505835 1.89969243979e-06 0.00194528505835 0.497992974937 0.000121580316147
0.794876168254 0.00310498503224 7.58052986388e-07 0.00310498503224 0.198719042064 0.000194061564515
0.798712859164 0.000779993026527 1.90427984992e-07 0.000779993026527 0.199678214791 4.87495641579e-05
0.798712859164 0.000779993026527 1.90427984992e-07 0.000779993026527 0.199678214791 4.87495641579e-05
0.498767026445 0.000487077174263 1.18915325748e-07 0.00194830869705 0.498767026445 3.04423233914e-05
0.166666666667 0.166666666667 0.166666666667 0.166666666667 0.166666666667 0.166666666667
0.190476190476 0.190476190476 0.047619047619 0.190476190476 0.190476190476 0.190476190476
0.190476190476 0.190476190476 0.047619047619 0.190476190476 0.190476190476 0.190476190476
0.355555555556 0.0888888888889 0.0222222222222 0.0888888888889 0.355555555556 0.0888888888889
0.688172043011 0.0430107526882 0.010752688172 0.0430107526882 0.172043010753 0.0430107526882
0.688172043011 0.0430107526882 0.010752688172 0.0430107526882 0.172043010753 0.0430107526882
0.742028985507 0.0115942028986 0.00289855072464 0.0115942028986 0.185507246377 0.0463768115942
0.466302367942 0.0291438979964 0.00182149362477 0.00728597449909 0.466302367942 0.0291438979964
0.45632798574 0.0285204991087 0.0017825311943 0.0285204991087 0.45632798574 0.0285204991087
0.466940264478 0.0291837665299 0.000455996352029 0.0291837665299 0.466940264478 0.00729594163247
0.420879572544 0.105219893136 0.000411015207563 0.026304973284 0.420879572544 0.026304973284
0.477556255101 0.0298472659438 0.000116590882593 0.00746181648595 0.477556255101 0.00746181648595
0.477598017782 0.0298498761114 2.915026964e-05 0.00746246902784 0.477598017782 0.00746246902784
0.477598017782 0.0298498761114 2.915026964e-05 0.00746246902784 0.477598017782 0.00746246902784
0.438344436418 0.109586109105 2.67544211681e-05 0.00684913181903 0.438344436418 0.00684913181903
0.164522769493 0.164522769493 1.00416729427e-05 0.0102826730933 0.658091077974 0.00257066827333
0.189769650639 0.0474424126598 2.89565506957e-06 0.00296515079124 0.759078602557 0.000741287697809
0.0577486520233 0.0144371630058 8.81174499867e-07 0.00360929075146 0.923978432373 0.000225580671966
0.19688506651 0.0123053166569 7.51056924858e-07 0.00307632916422 0.787540266039 0.000192270572764
0.166666666667 0.166666666667 0.166666666667 0.166666666667 0.166666666667 0.166666666667
0.190476190476 0.047619047619 0.190476190476 0.190476190476 0.190476190476 0.190476190476
0.355555555556 0.0222222222222 0.0888888888889 0.0888888888889 0.355555555556 0.0888888888889
0.166666666667 0.0416666666667 0.0416666666667 0.0416666666667 0.666666666667 0.0416666666667
0.0533333333333 0.0533333333333 0.0133333333333 0.0133333333333 0.853333333333 0.0133333333333
0.0444444444444 0.177777777778 0.0111111111111 0.0444444444444 0.711111111111 0.0111111111111
0.0136054421769 0.0544217687075 0.00340136054422 0.0544217687075 0.87074829932 0.00340136054422
0.0148975791434 0.0148975791434 0.000931098696462 0.0148975791434 0.953445065177 0.000931098696462
0.0570409982175 0.0142602495544 0.000891265597148 0.0142602495544 0.91265597148 0.000891265597148
0.166666666667 0.166666666667 0.166666666667 0.166666666667 0.166666666667 0.166666666667
0.222222222222 0.0555555555556 0.222222222222 0.222222222222 0.0555555555556 0.222222222222
0.484848484848 0.030303030303 0.121212121212 0.121212121212 0.121212121212 0.121212121212
0.355555555556 0.0222222222222 0.0888888888889 0.0888888888889 0.355555555556 0.0888888888889
0.333333333333 0.0833333333333 0.0833333333333 0.0833333333333 0.333333333333 0.0833333333333
0.592592592593 0.148148148148 0.037037037037 0.037037037037 0.148148148148 0.037037037037
0.735632183908 0.0459770114943 0.0114942528736 0.0114942528736 0.183908045977 0.0114942528736
0.688172043011 0.0430107526882 0.0430107526882 0.0430107526882 0.172043010753 0.010752688172
0.387878787879 0.0969696969697 0.0242424242424 0.0969696969697 0.387878787879 0.00606060606061
0.463768115942 0.0289855072464 0.00724637681159 0.0289855072464 0.463768115942 0.00724637681159
