Price Resolution OpticalZoom DigitalZoom Weight StorageIncluded
0.166666666667 0.166666666667 0.166666666667 0.166666666667 0.166666666667 0.166666666667
0.111111111111 0.111111111111 0.444444444444 0.111111111111 0.111111111111 0.111111111111
0.0833333333333 0.0833333333333 0.333333333333 0.0833333333333 0.333333333333 0.0833333333333
0.133333333333 0.0333333333333 0.133333333333 0.133333333333 0.533333333333 0.0333333333333
0.133333333333 0.0333333333333 0.133333333333 0.133333333333 0.533333333333 0.0333333333333
0.0833333333333 0.0833333333333 0.333333333333 0.0833333333333 0.333333333333 0.0833333333333
0.148148148148 0.037037037037 0.148148148148 0.037037037037 0.592592592593 0.037037037037
0.0493827160494 0.0493827160494 0.0493827160494 0.0493827160494 0.79012345679 0.0123456790123
0.152380952381 0.152380952381 0.0380952380952 0.0380952380952 0.609523809524 0.00952380952381
0.0969696969697 0.387878787879 0.0242424242424 0.0969696969697 0.387878787879 0.00606060606061
0.0433604336043 0.693766937669 0.0433604336043 0.0433604336043 0.173441734417 0.00271002710027
0.105090311987 0.420361247947 0.0262725779967 0.0262725779967 0.420361247947 0.00164203612479
0.0434487440597 0.695179904956 0.0434487440597 0.0434487440597 0.173794976239 0.000678886625933
0.0135106607558 0.864682288368 0.054042643023 0.0135106607558 0.054042643023 0.000211104074309
0.00341278728737 0.873673545566 0.0546045965979 0.0136511491495 0.0546045965979 5.33248013651e-05
0.00341278728737 0.873673545566 0.0546045965979 0.0136511491495 0.0546045965979 5.33248013651e-05
0.00990060718568 0.633638859883 0.158409714971 0.0396024287427 0.158409714971 3.8674246819e-05
0.166666666667 0.166666666667 0.166666666667 0.166666666667 0.166666666667 0.166666666667
0.166666666667 0.166666666667 0.166666666667 0.166666666667 0.166666666667 0.166666666667
0.0833333333333 0.333333333333 0.0833333333333 0.0833333333333 0.0833333333333 0.333333333333
0.190476190476 0.190476190476 0.190476190476 0.047619047619 0.190476190476 0.190476190476
0.121212121212 0.484848484848 0.121212121212 0.030303030303 0.121212121212 0.121212121212
0.280701754386 0.280701754386 0.0701754385965 0.0175438596491 0.280701754386 0.0701754385965
0.166666666667 0.166666666667 0.166666666667 0.166666666667 0.166666666667 0.166666666667
0.0666666666667 0.266666666667 0.266666666667 0.266666666667 0.0666666666667 0.0666666666667
0.0333333333333 0.533333333333 0.133333333333 0.133333333333 0.133333333333 0.0333333333333
0.121212121212 0.484848484848 0.121212121212 0.121212121212 0.121212121212 0.030303030303
0.0701754385965 0.280701754386 0.280701754386 0.280701754386 0.0701754385965 0.0175438596491
0.197530864198 0.197530864198 0.197530864198 0.197530864198 0.197530864198 0.0123456790123
0.496124031008 0.124031007752 0.124031007752 0.124031007752 0.124031007752 0.0077519379845
0.234432234432 0.234432234432 0.0586080586081 0.234432234432 0.234432234432 0.003663003663
0.124756335283 0.124756335283 0.124756335283 0.499025341131 0.124756335283 0.00194931773879
0.23507805326 0.23507805326 0.23507805326 0.23507805326 0.058769513315 0.000918273645546
0.0975238095238 0.390095238095 0.390095238095 0.0975238095238 0.024380952381 0.000380952380952
0.235240064323 0.235240064323 0.235240064323 0.235240064323 0.0588100160809 0.000229726625316
0.199960945128 0.199960945128 0.199960945128 0.199960945128 0.199960945128 0.000195274360476
0.0909010208611 0.363604083444 0.0909010208611 0.363604083444 0.0909010208611 8.87705281846e-05
0.285694357257 0.285694357257 0.0714235893144 0.285694357257 0.0714235893144 6.97495989398e-05
0.199990234852 0.199990234852 0.199990234852 0.199990234852 0.199990234852 4.88257409306e-05
0.0714273258349 0.285709303339 0.285709303339 0.285709303339 0.0714273258349 1.74383119714e-05
0.235290738587 0.235290738587 0.235290738587 0.235290738587 0.0588226846466 1.43610069938e-05
0.0909085864891 0.0909085864891 0.363634345956 0.363634345956 0.0909085864891 5.54861978083e-06
0.0714282600261 0.285713040104 0.285713040104 0.285713040104 0.0714282600261 4.35963501136e-06
0.0263157472056 0.42105195529 0.42105195529 0.105262988823 0.0263157472056 1.60618574253e-06
0.166666666667 0.166666666667 0.166666666667 0.166666666667 0.166666666667 0.166666666667
