Price Resolution OpticalZoom DigitalZoom Weight StorageIncluded
0.166666666667 0.166666666667 0.166666666667 0.166666666667 0.166666666667 0.166666666667
0.222222222222 0.0555555555556 0.0555555555556 0.222222222222 0.222222222222 0.222222222222
0.190476190476 0.047619047619 0.190476190476 0.190476190476 0.190476190476 0.190476190476
0.121212121212 0.030303030303 0.484848484848 0.121212121212 0.121212121212 0.121212121212
0.280701754386 0.0175438596491 0.280701754386 0.0701754385965 0.280701754386 0.0701754385965
0.166666666667 0.166666666667 0.166666666667 0.166666666667 0.166666666667 0.166666666667
0.0555555555556 0.222222222222 0.0555555555556 0.222222222222 0.222222222222 0.222222222222
0.047619047619 0.190476190476 0.190476190476 0.190476190476 0.190476190476 0.190476190476
0.030303030303 0.121212121212 0.121212121212 0.121212121212 0.121212121212 0.484848484848
0.0833333333333 0.0833333333333 0.0833333333333 0.0833333333333 0.333333333333 0.333333333333
0.0833333333333 0.0833333333333 0.0833333333333 0.0833333333333 0.333333333333 0.333333333333
0.166666666667 0.166666666667 0.166666666667 0.166666666667 0.166666666667 0.166666666667
0.166666666667 0.166666666667 0.166666666667 0.166666666667 0.166666666667 0.166666666667
0.222222222222 0.0555555555556 0.0555555555556 0.222222222222 0.222222222222 0.222222222222
0.190476190476 0.047619047619 0.190476190476 0.190476190476 0.190476190476 0.190476190476
0.121212121212 0.030303030303 0.484848484848 0.121212121212 0.121212121212 0.121212121212
0.280701754386 0.0175438596491 0.280701754386 0.0701754385965 0.280701754386 0.0701754385965
0.166666666667 0.166666666667 0.166666666667 0.166666666667 0.166666666667 0.166666666667
0.166666666667 0.166666666667 0.166666666667 0.166666666667 0.166666666667 0.166666666667
0.166666666667 0.166666666667 0.166666666667 0.166666666667 0.166666666667 0.166666666667
0.0666666666667 0.266666666667 0.266666666667 0.266666666667 0.0666666666667 0.0666666666667
0.0333333333333 0.533333333333 0.133333333333 0.133333333333 0.133333333333 0.0333333333333
0.121212121212 0.484848484848 0.121212121212 0.121212121212 0.121212121212 0.030303030303
0.0701754385965 0.280701754386 0.280701754386 0.280701754386 0.0701754385965 0.0175438596491
0.197530864198 0.197530864198 0.197530864198 0.197530864198 0.197530864198 0.0123456790123
0.496124031008 0.124031007752 0.124031007752 0.124031007752 0.124031007752 0.0077519379845
0.234432234432 0.234432234432 0.0586080586081 0.234432234432 0.234432234432 0.003663003663
0.124756335283 0.124756335283 0.124756335283 0.499025341131 0.124756335283 0.00194931773879
0.23507805326 0.23507805326 0.23507805326 0.23507805326 0.058769513315 0.000918273645546
0.0975238095238 0.390095238095 0.390095238095 0.0975238095238 0.024380952381 0.000380952380952
0.235240064323 0.235240064323 0.235240064323 0.235240064323 0.0588100160809 0.000229726625316
0.235240064323 0.235240064323 0.235240064323 0.235240064323 0.0588100160809 0.000229726625316
0.301864544182 0.301864544182 0.0754661360454 0.301864544182 0.0188665340113 7.36973984818e-05
0.633638859883 0.158409714971 0.0396024287427 0.158409714971 0.00990060718568 3.8674246819e-05
0.390234607598 0.0975586518995 0.0975586518995 0.390234607598 0.0243896629749 2.38180302489e-05
0.301881230078 0.301881230078 0.0754703075194 0.301881230078 0.0188675768798 1.84253680467e-05
0.615378836963 0.153844709241 0.0384611773102 0.153844709241 0.0384611773102 9.38993586674e-06
0.30188540184 0.30188540184 0.0754713504599 0.30188540184 0.018867837615 4.60640566772e-06
0.158415458657 0.633661834628 0.0396038646642 0.158415458657 0.00990096616606 2.41722806789e-06
0.306219737987 0.306219737987 0.0765549344968 0.306219737987 0.00478468340605 1.16813559718e-06
0.301886444798 0.301886444798 0.0754716111996 0.301886444798 0.0188679027999 1.1516053955e-06
0.107382506348 0.429530025393 0.0268456265871 0.429530025393 0.00671140664677 4.09631753343e-07
0.0453257476888 0.725211963021 0.0453257476888 0.181302990755 0.00283285923055 6.91616023083e-07
0.158415745852 0.633662983409 0.039603936463 0.158415745852 0.00990098411576 6.04308112534e-07
0.153846063558 0.61538425423 0.0384615158894 0.153846063558 0.0384615158894 5.8687615798e-07
0.0449437894028 0.719100630445 0.0449437894028 0.179775157611 0.0112359473507 6.85787802167e-07
0.153846063558 0.61538425423 0.0384615158894 0.153846063558 0.0384615158894 5.8687615798e-07
0.166666666667 0.166666666667 0.166666666667 0.166666666667 0.166666666667 0.166666666667
0.166666666667 0.166666666667 0.166666666667 0.166666666667 0.166666666667 0.166666666667
0.0666666666667 0.266666666667 0.266666666667 0.266666666667 0.0666666666667 0.0666666666667
0.0333333333333 0.533333333333 0.133333333333 0.133333333333 0.133333333333 0.0333333333333
0.121212121212 0.484848484848 0.121212121212 0.121212121212 0.121212121212 0.030303030303
0.0701754385965 0.280701754386 0.280701754386 0.280701754386 0.0701754385965 0.0175438596491
0.197530864198 0.197530864198 0.197530864198 0.197530864198 0.197530864198 0.0123456790123
0.0711111111111 0.284444444444 0.0711111111111 0.284444444444 0.284444444444 0.00444444444444
0.0383693045564 0.153477218225 0.0383693045564 0.153477218225 0.613908872902 0.00239808153477
0.0243531202435 0.0974124809741 0.0974124809741 0.389649923896 0.389649923896 0.00152207001522
0.058769513315 0.23507805326 0.23507805326 0.23507805326 0.23507805326 0.000918273645546
0.0153809180485 0.246094688777 0.246094688777 0.246094688777 0.246094688777 0.000240326844509
0.0243879203582 0.0975516814328 0.0975516814328 0.390206725731 0.390206725731 9.52653138992e-05
0.0909010208611 0.0909010208611 0.0909010208611 0.363604083444 0.363604083444 8.87705281846e-05
0.0714086471409 0.285634588563 0.0714086471409 0.285634588563 0.285634588563 0.000278940027894
0.137912457912 0.137912457912 0.0344781144781 0.137912457912 0.55164983165 0.00013468013468
0.0975516814328 0.0975516814328 0.0243879203582 0.390206725731 0.390206725731 9.52653138992e-05
0.0714235893144 0.285694357257 0.0714235893144 0.285694357257 0.285694357257 6.97495989398e-05
0.0384600938967 0.615361502347 0.0384600938967 0.153840375587 0.153840375587 3.7558685446e-05
0.166666666667 0.166666666667 0.166666666667 0.166666666667 0.166666666667 0.166666666667
0.266666666667 0.0666666666667 0.0666666666667 0.266666666667 0.0666666666667 0.266666666667
0.533333333333 0.0333333333333 0.0333333333333 0.133333333333 0.133333333333 0.133333333333
0.484848484848 0.121212121212 0.030303030303 0.121212121212 0.121212121212 0.121212121212
0.355555555556 0.355555555556 0.0222222222222 0.0888888888889 0.0888888888889 0.0888888888889
0.266666666667 0.266666666667 0.0666666666667 0.266666666667 0.0666666666667 0.0666666666667
0.102564102564 0.410256410256 0.025641025641 0.410256410256 0.025641025641 0.025641025641
0.296296296296 0.296296296296 0.0185185185185 0.296296296296 0.0740740740741 0.0185185185185
0.152380952381 0.152380952381 0.0380952380952 0.609523809524 0.0380952380952 0.00952380952381
0.300469483568 0.300469483568 0.075117370892 0.300469483568 0.018779342723 0.00469483568075
0.153477218225 0.153477218225 0.0383693045564 0.613908872902 0.0383693045564 0.00239808153477
0.105090311987 0.420361247947 0.0262725779967 0.420361247947 0.0262725779967 0.00164203612479
0.301531213192 0.301531213192 0.0188457008245 0.301531213192 0.075382803298 0.00117785630153
0.32477006026 0.32477006026 0.00507453219156 0.32477006026 0.0202981287663 0.000317158261973
0.652957117806 0.163239279452 0.0102024549657 0.163239279452 0.0102024549657 0.000159413358839
0.429485163049 0.429485163049 0.0268428226906 0.107371290762 0.00671070567264 0.000104854776135
0.633638859883 0.158409714971 0.0396024287427 0.158409714971 0.00990060718568 3.8674246819e-05
0.429518940883 0.429518940883 0.0268449338052 0.107379735221 0.0067112334513 2.62157556692e-05
