Price Resolution OpticalZoom DigitalZoom Weight StorageIncluded
0.166666666667 0.166666666667 0.166666666667 0.166666666667 0.166666666667 0.166666666667
0.166666666667 0.166666666667 0.166666666667 0.166666666667 0.166666666667 0.166666666667
0.0833333333333 0.0833333333333 0.333333333333 0.333333333333 0.0833333333333 0.0833333333333
0.190476190476 0.190476190476 0.190476190476 0.190476190476 0.190476190476 0.047619047619
0.121212121212 0.121212121212 0.484848484848 0.121212121212 0.121212121212 0.030303030303
0.280701754386 0.0701754385965 0.280701754386 0.0701754385965 0.280701754386 0.0175438596491
0.547008547009 0.034188034188 0.136752136752 0.136752136752 0.136752136752 0.00854700854701
0.284444444444 0.0711111111111 0.0711111111111 0.284444444444 0.284444444444 0.00444444444444
0.234432234432 0.234432234432 0.0586080586081 0.234432234432 0.234432234432 0.003663003663
0.0974124809741 0.389649923896 0.0243531202435 0.0974124809741 0.389649923896 0.00152207001522
0.301531213192 0.301531213192 0.0188457008245 0.075382803298 0.301531213192 0.00117785630153
0.306128550075 0.306128550075 0.00478325859492 0.0765321375187 0.306128550075 0.000298953662182
0.159576125916 0.159576125916 0.00249337696743 0.0398940314789 0.638304503662 0.000155836060464
0.166666666667 0.166666666667 0.166666666667 0.166666666667 0.166666666667 0.166666666667
0.0833333333333 0.0833333333333 0.333333333333 0.333333333333 0.0833333333333 0.0833333333333
0.190476190476 0.190476190476 0.190476190476 0.190476190476 0.190476190476 0.047619047619
0.121212121212 0.121212121212 0.484848484848 0.121212121212 0.121212121212 0.030303030303
0.280701754386 0.0701754385965 0.280701754386 0.0701754385965 0.280701754386 0.0175438596491
0.547008547009 0.034188034188 0.136752136752 0.136752136752 0.136752136752 0.00854700854701
0.284444444444 0.0711111111111 0.0711111111111 0.284444444444 0.284444444444 0.00444444444444
0.234432234432 0.234432234432 0.0586080586081 0.234432234432 0.234432234432 0.003663003663
0.0974124809741 0.389649923896 0.0243531202435 0.0974124809741 0.389649923896 0.00152207001522
0.301531213192 0.301531213192 0.0188457008245 0.075382803298 0.301531213192 0.00117785630153
0.306128550075 0.306128550075 0.00478325859492 0.0765321375187 0.306128550075 0.000298953662182
0.159576125916 0.159576125916 0.00249337696743 0.0398940314789 0.638304503662 0.000155836060464
0.166666666667 0.166666666667 0.166666666667 0.166666666667 0.166666666667 0.166666666667
0.166666666667 0.166666666667 0.166666666667 0.166666666667 0.166666666667 0.166666666667
0.0666666666667 0.266666666667 0.266666666667 0.0666666666667 0.0666666666667 0.266666666667
0.121212121212 0.121212121212 0.484848484848 0.030303030303 0.121212121212 0.121212121212
0.0701754385965 0.280701754386 0.280701754386 0.0175438596491 0.280701754386 0.0701754385965
0.0380952380952 0.609523809524 0.152380952381 0.00952380952381 0.152380952381 0.0380952380952
0.0969696969697 0.387878787879 0.0969696969697 0.00606060606061 0.387878787879 0.0242424242424
0.0289855072464 0.463768115942 0.0289855072464 0.00724637681159 0.463768115942 0.00724637681159
0.106666666667 0.426666666667 0.0266666666667 0.00666666666667 0.426666666667 0.00666666666667
0.0448179271709 0.717086834734 0.0448179271709 0.0112044817927 0.179271708683 0.00280112044818
0.0141843971631 0.90780141844 0.0141843971631 0.00354609929078 0.0567375886525 0.00354609929078
0.046783625731 0.748538011696 0.0116959064327 0.00292397660819 0.187134502924 0.00292397660819
0.0122887864823 0.786482334869 0.00307219662058 0.000768049155146 0.196620583717 0.000768049155146
0.0474074074074 0.758518518519 0.00296296296296 0.000740740740741 0.18962962963 0.000740740740741
0.110822510823 0.44329004329 0.0017316017316 0.0004329004329 0.44329004329 0.0004329004329
0.0475659606094 0.190263842438 0.000743218134522 0.000185804533631 0.761055369751 0.000185804533631
0.166504065041 0.166504065041 0.000650406504065 0.000162601626016 0.666016260163 0.000162601626016
0.44415528085 0.111038820213 0.000433745391455 0.000108436347864 0.44415528085 0.000108436347864
0.332764643757 0.332764643757 0.00129986188967 0.000324965472419 0.332764643757 8.12413681046e-05
0.166524372891 0.166524372891 0.000650485831605 0.000162621457901 0.666097491564 4.06553644753e-05
0.166666666667 0.166666666667 0.166666666667 0.166666666667 0.166666666667 0.166666666667
0.0666666666667 0.266666666667 0.266666666667 0.266666666667 0.0666666666667 0.0666666666667
0.0333333333333 0.533333333333 0.133333333333 0.133333333333 0.133333333333 0.0333333333333
0.0888888888889 0.355555555556 0.0888888888889 0.0888888888889 0.355555555556 0.0222222222222
0.0430107526882 0.172043010753 0.0430107526882 0.0430107526882 0.688172043011 0.010752688172
0.152380952381 0.152380952381 0.0380952380952 0.0380952380952 0.609523809524 0.00952380952381
0.152380952381 0.152380952381 0.0380952380952 0.0380952380952 0.609523809524 0.00952380952381
0.0969696969697 0.387878787879 0.0969696969697 0.0242424242424 0.387878787879 0.00606060606061
0.0448179271709 0.179271708683 0.0448179271709 0.0112044817927 0.717086834734 0.00280112044818
0.0464778503994 0.185911401598 0.0116194625999 0.0116194625999 0.743645606391 0.000726216412491
0.166666666667 0.166666666667 0.166666666667 0.166666666667 0.166666666667 0.166666666667
0.222222222222 0.0555555555556 0.222222222222 0.222222222222 0.222222222222 0.0555555555556
0.380952380952 0.0238095238095 0.0952380952381 0.0952380952381 0.380952380952 0.0238095238095
0.172043010753 0.0430107526882 0.0430107526882 0.0430107526882 0.688172043011 0.010752688172
0.152380952381 0.152380952381 0.0380952380952 0.0380952380952 0.609523809524 0.00952380952381
0.0969696969697 0.387878787879 0.0969696969697 0.0242424242424 0.387878787879 0.00606060606061
0.158024691358 0.158024691358 0.0395061728395 0.00987654320988 0.632098765432 0.00246913580247
0.137634408602 0.137634408602 0.137634408602 0.0344086021505 0.550537634409 0.00215053763441
0.179649122807 0.0449122807018 0.0449122807018 0.0112280701754 0.718596491228 0.000701754385965
0.0524482687974 0.0524482687974 0.0524482687974 0.00327801679984 0.839172300758 0.00020487604999
0.166666666667 0.166666666667 0.166666666667 0.166666666667 0.166666666667 0.166666666667
0.222222222222 0.222222222222 0.0555555555556 0.222222222222 0.0555555555556 0.222222222222
0.222222222222 0.222222222222 0.0555555555556 0.222222222222 0.0555555555556 0.222222222222
0.484848484848 0.121212121212 0.030303030303 0.121212121212 0.121212121212 0.121212121212
0.355555555556 0.0888888888889 0.0222222222222 0.0888888888889 0.355555555556 0.0888888888889
0.266666666667 0.266666666667 0.0666666666667 0.0666666666667 0.266666666667 0.0666666666667
0.380952380952 0.0952380952381 0.0238095238095 0.0952380952381 0.380952380952 0.0238095238095
0.296296296296 0.296296296296 0.0185185185185 0.0740740740741 0.296296296296 0.0185185185185
0.387878787879 0.387878787879 0.00606060606061 0.0969696969697 0.0969696969697 0.0242424242424
0.717086834734 0.179271708683 0.00280112044818 0.0448179271709 0.0448179271709 0.0112044817927
0.718596491228 0.179649122807 0.000701754385965 0.0449122807018 0.0449122807018 0.0112280701754
0.166666666667 0.166666666667 0.166666666667 0.166666666667 0.166666666667 0.166666666667
0.166666666667 0.166666666667 0.166666666667 0.166666666667 0.166666666667 0.166666666667
0.0833333333333 0.0833333333333 0.333333333333 0.333333333333 0.0833333333333 0.0833333333333
0.190476190476 0.190476190476 0.190476190476 0.190476190476 0.190476190476 0.047619047619
0.355555555556 0.0888888888889 0.0888888888889 0.0888888888889 0.355555555556 0.0222222222222
0.609523809524 0.0380952380952 0.0380952380952 0.152380952381 0.152380952381 0.00952380952381
0.300469483568 0.075117370892 0.018779342723 0.300469483568 0.300469483568 0.00469483568075
0.0974124809741 0.0974124809741 0.0243531202435 0.389649923896 0.389649923896 0.00152207001522
0.0449122807018 0.0449122807018 0.0112280701754 0.179649122807 0.718596491228 0.000701754385965
0.141514648977 0.141514648977 0.00884466556108 0.141514648977 0.566058595909 0.000552791597568
0.0453177553549 0.0453177553549 0.00283235970968 0.18127102142 0.725084085679 0.000177022481855
