Price Resolution OpticalZoom DigitalZoom Weight StorageIncluded
0.166666666667 0.166666666667 0.166666666667 0.166666666667 0.166666666667 0.166666666667
0.166666666667 0.166666666667 0.166666666667 0.166666666667 0.166666666667 0.166666666667
0.0833333333333 0.0833333333333 0.333333333333 0.333333333333 0.0833333333333 0.0833333333333
0.222222222222 0.0555555555556 0.222222222222 0.222222222222 0.222222222222 0.0555555555556
0.380952380952 0.0238095238095 0.0952380952381 0.0952380952381 0.380952380952 0.0238095238095
0.627450980392 0.00980392156863 0.0392156862745 0.156862745098 0.156862745098 0.00980392156863
0.318407960199 0.0199004975124 0.0199004975124 0.318407960199 0.318407960199 0.00497512437811
0.300469483568 0.075117370892 0.018779342723 0.300469483568 0.300469483568 0.00469483568075
0.234432234432 0.234432234432 0.0586080586081 0.234432234432 0.234432234432 0.003663003663
0.363120567376 0.090780141844 0.090780141844 0.090780141844 0.363120567376 0.00141843971631
0.695179904956 0.0434487440597 0.0434487440597 0.0434487440597 0.173794976239 0.000678886625933
0.71897489907 0.011233982798 0.0449359311919 0.0449359311919 0.179743724767 0.000175530981218
0.421009353479 0.0263130845925 0.0263130845925 0.10525233837 0.421009353479 0.000102785486689
0.158409714971 0.0396024287427 0.00990060718568 0.158409714971 0.633638859883 3.8674246819e-05
0.141573344394 0.141573344394 0.00884833402461 0.141573344394 0.566293377575 0.000138255219135
0.397476952935 0.0993692382339 0.00621057738962 0.0993692382339 0.397476952935 9.70402717128e-05
0.1812950914 0.04532377285 0.00283273580312 0.04532377285 0.7251803656 4.42614969238e-05
0.1812950914 0.04532377285 0.00283273580312 0.04532377285 0.7251803656 4.42614969238e-05
0.431691829368 0.107922957342 0.00168629620847 0.0269807393355 0.431691829368 2.63483782573e-05
0.470358568025 0.0293974105015 0.000459334539086 0.0293974105015 0.470358568025 2.87084086929e-05
0.181687126429 0.0454217816073 0.000709715337614 0.0454217816073 0.726748505717 1.10893021502e-05
0.195084197335 0.0121927623334 0.00019051191146 0.0121927623334 0.780336789338 2.97674861656e-06
0.0583907787902 0.00364942367439 5.70222449123e-05 0.00364942367439 0.934252460644 8.90972576755e-07
0.0577584239114 0.00360990149446 5.64047108509e-05 0.0144396059778 0.924134782582 8.81323607046e-07
0.166666666667 0.166666666667 0.166666666667 0.166666666667 0.166666666667 0.166666666667
0.0666666666667 0.266666666667 0.266666666667 0.266666666667 0.0666666666667 0.0666666666667
0.190476190476 0.190476190476 0.190476190476 0.190476190476 0.190476190476 0.047619047619
0.355555555556 0.0888888888889 0.0888888888889 0.0888888888889 0.355555555556 0.0222222222222
0.172043010753 0.0430107526882 0.0430107526882 0.0430107526882 0.688172043011 0.010752688172
0.0517799352751 0.0517799352751 0.0129449838188 0.0517799352751 0.828478964401 0.00323624595469
0.179271708683 0.0448179271709 0.0112044817927 0.0448179271709 0.717086834734 0.00280112044818
0.466302367942 0.0291438979964 0.00728597449909 0.0291438979964 0.466302367942 0.00182149362477
0.428810720268 0.107202680067 0.00670016750419 0.0268006700168 0.428810720268 0.00167504187605
0.179649122807 0.0449122807018 0.0112280701754 0.0449122807018 0.718596491228 0.000701754385965
0.187648891332 0.0117280557083 0.00293201392707 0.0469122228331 0.750595565329 0.000183250870442
0.166666666667 0.166666666667 0.166666666667 0.166666666667 0.166666666667 0.166666666667
0.0666666666667 0.266666666667 0.266666666667 0.266666666667 0.0666666666667 0.0666666666667
0.0333333333333 0.533333333333 0.133333333333 0.133333333333 0.133333333333 0.0333333333333
0.0888888888889 0.355555555556 0.0888888888889 0.0888888888889 0.355555555556 0.0222222222222
0.152380952381 0.152380952381 0.0380952380952 0.0380952380952 0.609523809524 0.00952380952381
0.185507246377 0.0463768115942 0.0115942028986 0.0115942028986 0.742028985507 0.00289855072464
0.476722532588 0.0297951582868 0.00744878957169 0.00744878957169 0.476722532588 0.00186219739292
0.437606837607 0.109401709402 0.00683760683761 0.00683760683761 0.437606837607 0.0017094017094
0.164418754014 0.164418754014 0.00256904303147 0.0102761721259 0.657675016057 0.000642260757868
0.164815708997 0.164815708997 0.000643811363271 0.0103009818123 0.659262835989 0.000160952840818
0.166666666667 0.166666666667 0.166666666667 0.166666666667 0.166666666667 0.166666666667
0.0555555555556 0.222222222222 0.0555555555556 0.222222222222 0.222222222222 0.222222222222
0.0333333333333 0.133333333333 0.0333333333333 0.133333333333 0.533333333333 0.133333333333
0.0111111111111 0.177777777778 0.0111111111111 0.0444444444444 0.711111111111 0.0444444444444
0.0430107526882 0.172043010753 0.010752688172 0.0430107526882 0.688172043011 0.0430107526882
0.104575163399 0.418300653595 0.00653594771242 0.0261437908497 0.418300653595 0.0261437908497
0.318407960199 0.318407960199 0.00497512437811 0.0199004975124 0.318407960199 0.0199004975124
0.300469483568 0.300469483568 0.00469483568075 0.075117370892 0.300469483568 0.018779342723
0.242424242424 0.242424242424 0.0151515151515 0.242424242424 0.242424242424 0.0151515151515
0.140350877193 0.140350877193 0.00877192982456 0.140350877193 0.561403508772 0.00877192982456
0.180790960452 0.045197740113 0.00282485875706 0.045197740113 0.723163841808 0.00282485875706
0.0545609548167 0.0545609548167 0.00341005967604 0.0136402387042 0.872975277067 0.000852514919011
0.0524160524161 0.0524160524161 0.003276003276 0.0524160524161 0.838656838657 0.000819000819001
0.0398753894081 0.159501557632 0.00249221183801 0.159501557632 0.63800623053 0.000623052959502
0.0996884735202 0.398753894081 0.00155763239875 0.0996884735202 0.398753894081 0.00155763239875
0.108016877637 0.432067510549 0.00042194092827 0.0270042194093 0.432067510549 0.00042194092827
0.047015610652 0.188062442608 0.000734618916437 0.011753902663 0.752249770432 0.000183654729109
0.0300575319948 0.480920511917 0.000469648937419 0.00751438299871 0.480920511917 0.000117412234355
0.11028540657 0.441141626279 0.000430802369413 0.00689283791061 0.441141626279 0.000107700592353
0.11032996633 0.44131986532 0.000107744107744 0.00689562289562 0.44131986532 2.6936026936e-05
0.0300740838638 0.481185341821 2.93692225233e-05 0.00751852096595 0.481185341821 7.34230563081e-06
