Price Resolution OpticalZoom DigitalZoom Weight StorageIncluded
0.166666666667 0.166666666667 0.166666666667 0.166666666667 0.166666666667 0.166666666667
0.128205128205 0.205128205128 0.205128205128 0.205128205128 0.128205128205 0.128205128205
0.175542406312 0.234714003945 0.157790927022 0.157790927022 0.175542406312 0.0986193293886
0.229618671926 0.278928336621 0.131492439185 0.131492439185 0.146285338593 0.0821827744905
0.191348893272 0.232440280517 0.109577032654 0.192910365987 0.205237782161 0.0684856454087
0.242790744393 0.193700233764 0.0913141938783 0.160758638323 0.254364818467 0.0570713711739
0.220718858539 0.176091121604 0.0830129035257 0.146144216657 0.32214983497 0.0518830647036
0.291562598672 0.160082837822 0.0754662759325 0.132858378779 0.292863486337 0.0471664224578
0.265056907884 0.236438943474 0.0686057053932 0.120780344345 0.266239533033 0.0428785658707
0.203889929141 0.258799187288 0.0527736195332 0.169831034111 0.281722717718 0.0329835122083
0.233761483955 0.199076297914 0.0405950919486 0.207562333932 0.293632859783 0.0253719324679
0.194801236629 0.249230248262 0.117162576624 0.17296861161 0.244694049819 0.0211432770566
0.245667697191 0.207691873551 0.0976354805199 0.144140509675 0.287245041516 0.0176193975471
0.288056414326 0.256409894626 0.0813629004332 0.120117091396 0.23937086793 0.0146828312893
0.261869467569 0.233099904205 0.0739662731211 0.109197355814 0.308518970845 0.0133480284448
0.328972243244 0.211909003823 0.0672420664737 0.0992703234675 0.280471791678 0.0121345713135
0.299065675677 0.19264454893 0.0611291513398 0.0902457486068 0.34588344698 0.0110314284668
0.306973596674 0.225111191485 0.0470224241075 0.146342883544 0.266064189984 0.00848571420522
0.306973596674 0.225111191485 0.0470224241075 0.146342883544 0.266064189984 0.00848571420522
0.279066906068 0.204646537713 0.0427476582796 0.223948075949 0.241876536349 0.00771428564111
0.31588908839 0.170538781428 0.0356230485663 0.186623396624 0.284897113625 0.00642857136759
