Price Resolution OpticalZoom DigitalZoom Weight StorageIncluded
0.166666666667 0.166666666667 0.166666666667 0.166666666667 0.166666666667 0.166666666667
0.0833333333333 0.0833333333333 0.333333333333 0.333333333333 0.0833333333333 0.0833333333333
0.222222222222 0.0555555555556 0.222222222222 0.222222222222 0.222222222222 0.0555555555556
0.380952380952 0.0238095238095 0.0952380952381 0.0952380952381 0.380952380952 0.0238095238095
0.280701754386 0.0701754385965 0.0701754385965 0.280701754386 0.280701754386 0.0175438596491
0.104575163399 0.0261437908497 0.0261437908497 0.418300653595 0.418300653595 0.00653594771242
0.162849872774 0.0101781170483 0.0101781170483 0.162849872774 0.651399491094 0.00254452926209
0.0551248923342 0.00344530577089 0.00344530577089 0.0551248923342 0.881998277347 0.000861326442722
0.0468864468864 0.0029304029304 0.0117216117216 0.187545787546 0.750183150183 0.000732600732601
0.109542148053 0.00684638425332 0.00684638425332 0.438168592212 0.438168592212 0.000427899015832
0.0469122228331 0.0117280557083 0.00293201392707 0.187648891332 0.750595565329 0.000183250870442
0.166666666667 0.166666666667 0.166666666667 0.166666666667 0.166666666667 0.166666666667
0.0833333333333 0.0833333333333 0.333333333333 0.333333333333 0.0833333333333 0.0833333333333
0.222222222222 0.0555555555556 0.222222222222 0.222222222222 0.222222222222 0.0555555555556
0.380952380952 0.0238095238095 0.0952380952381 0.0952380952381 0.380952380952 0.0238095238095
0.177777777778 0.0111111111111 0.0444444444444 0.0444444444444 0.711111111111 0.0111111111111
0.0538720538721 0.013468013468 0.013468013468 0.0538720538721 0.861952861953 0.003367003367
0.185507246377 0.0115942028986 0.0115942028986 0.0463768115942 0.742028985507 0.00289855072464
0.476722532588 0.00744878957169 0.00744878957169 0.0297951582868 0.476722532588 0.00186219739292
0.192626034612 0.0120391271633 0.0120391271633 0.0120391271633 0.77050413845 0.000752445447705
0.198104082027 0.00309537628168 0.00309537628168 0.00309537628168 0.79241632811 0.000193461017605
0.0584975721223 0.00091402456441 0.00091402456441 0.00365609825764 0.935961153956 5.71265352756e-05
0.166666666667 0.166666666667 0.166666666667 0.166666666667 0.166666666667 0.166666666667
0.0833333333333 0.0833333333333 0.333333333333 0.0833333333333 0.333333333333 0.0833333333333
0.266666666667 0.0666666666667 0.266666666667 0.0666666666667 0.266666666667 0.0666666666667
0.380952380952 0.0238095238095 0.0952380952381 0.0952380952381 0.380952380952 0.0238095238095
0.463768115942 0.00724637681159 0.0289855072464 0.0289855072464 0.463768115942 0.00724637681159
0.193939393939 0.0030303030303 0.0121212121212 0.0121212121212 0.775757575758 0.0030303030303
0.0575022461815 0.00359389038634 0.00359389038634 0.0143755615454 0.920035938904 0.000898472596586
0.196168582375 0.00306513409962 0.00306513409962 0.0122605363985 0.784674329502 0.000766283524904
0.493970091655 0.00192957067053 0.00192957067053 0.0077182826821 0.493970091655 0.000482392667631
0.491127098321 0.00767386091127 0.00191846522782 0.00767386091127 0.491127098321 0.000479616306954
0.196733909702 0.0030739673391 0.000768491834774 0.0122958693564 0.786935638809 0.000192122958694
0.0579021769861 0.000904721515409 0.000226180378852 0.0144755442465 0.926434831778 5.6545094713e-05
0.196875751021 0.00307618360971 0.000192261475607 0.0123047344388 0.787503004086 4.80653689017e-05
0.0583800116874 0.00364875073046 0.000228046920654 0.00364875073046 0.934080186998 1.42529325409e-05
0.0583800116874 0.00364875073046 0.000228046920654 0.00364875073046 0.934080186998 1.42529325409e-05
0.196882848456 0.0123051780285 0.000192268406696 0.00307629450713 0.787531393826 1.20167754185e-05
0.196911243315 0.0123069527072 4.80740340124e-05 0.00307673817679 0.787644973259 1.20185085031e-05
0.196920118388 0.0123075073992 1.20190501946e-05 0.00307687684981 0.787680473551 3.00476254864e-06
0.196920118388 0.0123075073992 1.20190501946e-05 0.00307687684981 0.787680473551 3.00476254864e-06
0.199221032872 0.00311282863863 3.03987171741e-06 0.000778207159658 0.79688413149 7.59967929353e-07
0.0585945785978 0.00366216116236 8.94082315029e-07 0.000228885072648 0.937513257564 2.23520578757e-07
0.0587661241352 0.000918220689613 2.2417497305e-07 5.73887931008e-05 0.940257986163 5.60437432625e-08
0.0153696048773 0.000960600304834 5.86303896993e-08 1.5009379763e-05 0.98365471215 1.46575974248e-08
0.0153247519481 0.00383118798703 5.84592893528e-08 5.98623122973e-05 0.980784124678 1.46148223382e-08
0.166666666667 0.166666666667 0.166666666667 0.166666666667 0.166666666667 0.166666666667
0.222222222222 0.222222222222 0.0555555555556 0.222222222222 0.222222222222 0.0555555555556
0.133333333333 0.133333333333 0.0333333333333 0.133333333333 0.533333333333 0.0333333333333
0.0444444444444 0.177777777778 0.0111111111111 0.0444444444444 0.711111111111 0.0111111111111
0.156862745098 0.156862745098 0.00980392156863 0.0392156862745 0.627450980392 0.00980392156863
0.323232323232 0.323232323232 0.00505050505051 0.020202020202 0.323232323232 0.00505050505051
0.65641025641 0.164102564103 0.0025641025641 0.0102564102564 0.164102564103 0.0025641025641
0.875213675214 0.0547008547009 0.000854700854701 0.0136752136752 0.0547008547009 0.000854700854701
0.726241134752 0.181560283688 0.000709219858156 0.045390070922 0.045390070922 0.000709219858156
0.727014554491 0.181753638623 0.000177493787717 0.0454384096557 0.0454384096557 0.000177493787717
0.842018706959 0.0526261691849 5.13927433446e-05 0.0526261691849 0.0526261691849 5.13927433446e-05
0.639875024409 0.159968756102 0.000156219488381 0.0399921890256 0.159968756102 3.90548720953e-05
0.166666666667 0.166666666667 0.166666666667 0.166666666667 0.166666666667 0.166666666667
0.0833333333333 0.0833333333333 0.333333333333 0.333333333333 0.0833333333333 0.0833333333333
0.266666666667 0.0666666666667 0.266666666667 0.266666666667 0.0666666666667 0.0666666666667
0.380952380952 0.0238095238095 0.0952380952381 0.380952380952 0.0952380952381 0.0238095238095
0.418300653595 0.0261437908497 0.0261437908497 0.418300653595 0.104575163399 0.00653594771242
0.300469483568 0.075117370892 0.018779342723 0.300469483568 0.300469483568 0.00469483568075
0.319600499376 0.019975031211 0.019975031211 0.319600499376 0.319600499376 0.00124843945069
0.438168592212 0.00684638425332 0.00684638425332 0.109542148053 0.438168592212 0.000427899015832
0.189314106119 0.00295803290812 0.00295803290812 0.0473285265299 0.757256424478 0.000184877056757
0.186012715713 0.0116257947321 0.0116257947321 0.0465031789282 0.744050862852 0.000181653042688
0.196309609394 0.00306733764678 0.00306733764678 0.0122693505871 0.785238437575 4.79271507309e-05
0.199064455379 0.000777595528826 0.000777595528826 0.0031103821153 0.796257821518 1.21499301379e-05
