Price Resolution OpticalZoom DigitalZoom Weight StorageIncluded
0.166666666667 0.166666666667 0.166666666667 0.166666666667 0.166666666667 0.166666666667
0.233333333333 0.233333333333 0.0333333333333 0.233333333333 0.0333333333333 0.233333333333
0.233333333333 0.233333333333 0.0333333333333 0.233333333333 0.0333333333333 0.233333333333
0.116666666667 0.116666666667 0.516666666667 0.116666666667 0.0166666666667 0.116666666667
0.372222222222 0.0388888888889 0.172222222222 0.0388888888889 0.338888888889 0.0388888888889
0.686111111111 0.0194444444444 0.0861111111111 0.0194444444444 0.169444444444 0.0194444444444
0.166666666667 0.166666666667 0.166666666667 0.166666666667 0.166666666667 0.166666666667
0.166666666667 0.166666666667 0.166666666667 0.166666666667 0.166666666667 0.166666666667
0.194444444444 0.194444444444 0.0277777777778 0.194444444444 0.194444444444 0.194444444444
0.194444444444 0.194444444444 0.0277777777778 0.194444444444 0.194444444444 0.194444444444
0.398148148148 0.0648148148148 0.00925925925926 0.0648148148148 0.398148148148 0.0648148148148
0.398148148148 0.0648148148148 0.00925925925926 0.0648148148148 0.398148148148 0.0648148148148
0.166666666667 0.166666666667 0.166666666667 0.166666666667 0.166666666667 0.166666666667
0.0333333333333 0.233333333333 0.0333333333333 0.233333333333 0.233333333333 0.233333333333
0.0333333333333 0.233333333333 0.0333333333333 0.233333333333 0.233333333333 0.233333333333
0.0333333333333 0.233333333333 0.0333333333333 0.233333333333 0.233333333333 0.233333333333
0.516666666667 0.116666666667 0.0166666666667 0.116666666667 0.116666666667 0.116666666667
0.166666666667 0.166666666667 0.166666666667 0.166666666667 0.166666666667 0.166666666667
0.0416666666667 0.291666666667 0.291666666667 0.291666666667 0.0416666666667 0.0416666666667
0.0208333333333 0.145833333333 0.645833333333 0.145833333333 0.0208333333333 0.0208333333333
0.0104166666667 0.0729166666667 0.822916666667 0.0729166666667 0.0104166666667 0.0104166666667
0.00260416666667 0.268229166667 0.205729166667 0.268229166667 0.00260416666667 0.252604166667
0.250651041667 0.0670572916667 0.0514322916667 0.317057291667 0.250651041667 0.0631510416667
0.250651041667 0.0670572916667 0.0514322916667 0.317057291667 0.250651041667 0.0631510416667
0.0835503472222 0.355685763889 0.0171440972222 0.105685763889 0.416883680556 0.0210503472222
0.0278501157407 0.118561921296 0.339048032407 0.368561921296 0.138961226852 0.00701678240741
0.342616705247 0.0395206404321 0.113016010802 0.122853973765 0.379653742284 0.00233892746914
0.671308352623 0.019760320216 0.0565080054012 0.0614269868827 0.189826871142 0.00116946373457
0.557102784208 0.00658677340535 0.0188360018004 0.353808995628 0.063275623714 0.000389821244856
0.278551392104 0.503293386703 0.00941800090021 0.176904497814 0.031637811857 0.000194910622428
0.069637848026 0.375823346676 0.00235450022505 0.294226124453 0.257909452964 4.8727655607e-05
0.0232126160087 0.125274448892 0.334118166742 0.0980753748178 0.419303150988 1.6242551869e-05
0.341070872003 0.375091482964 0.111372722247 0.0326917916059 0.139767716996 5.41418395633e-06
0.0682141744006 0.275018296593 0.222274544449 0.206538358321 0.227953543399 1.08283679127e-06
0.5341070872 0.137509148296 0.111137272225 0.103269179161 0.1139767717 5.41418395633e-07
