Price Resolution OpticalZoom DigitalZoom Weight StorageIncluded
0.166666666667 0.166666666667 0.166666666667 0.166666666667 0.166666666667 0.166666666667
0.0666666666667 0.0666666666667 0.266666666667 0.266666666667 0.0666666666667 0.266666666667
0.047619047619 0.190476190476 0.190476190476 0.190476190476 0.190476190476 0.190476190476
0.030303030303 0.484848484848 0.121212121212 0.121212121212 0.121212121212 0.121212121212
0.111111111111 0.444444444444 0.111111111111 0.111111111111 0.111111111111 0.111111111111
0.222222222222 0.222222222222 0.0555555555556 0.0555555555556 0.222222222222 0.222222222222
0.355555555556 0.0888888888889 0.0222222222222 0.0888888888889 0.355555555556 0.0888888888889
0.231884057971 0.231884057971 0.0144927536232 0.0579710144928 0.231884057971 0.231884057971
0.136752136752 0.547008547009 0.00854700854701 0.034188034188 0.136752136752 0.136752136752
0.090395480226 0.361581920904 0.00564971751412 0.090395480226 0.361581920904 0.090395480226
0.0383693045564 0.153477218225 0.00239808153477 0.153477218225 0.613908872902 0.0383693045564
0.0383693045564 0.153477218225 0.00239808153477 0.153477218225 0.613908872902 0.0383693045564
0.0974124809741 0.389649923896 0.00152207001522 0.0974124809741 0.389649923896 0.0243531202435
0.0268006700168 0.428810720268 0.00167504187605 0.107202680067 0.428810720268 0.00670016750419
0.0452937013447 0.181174805379 0.00070771408351 0.0452937013447 0.724699221515 0.00283085633404
0.159501557632 0.159501557632 0.000623052959502 0.0398753894081 0.63800623053 0.00249221183801
0.166666666667 0.166666666667 0.166666666667 0.166666666667 0.166666666667 0.166666666667
0.190476190476 0.190476190476 0.190476190476 0.190476190476 0.047619047619 0.190476190476
0.333333333333 0.333333333333 0.0833333333333 0.0833333333333 0.0833333333333 0.0833333333333
0.410256410256 0.410256410256 0.025641025641 0.025641025641 0.102564102564 0.025641025641
0.646464646465 0.161616161616 0.010101010101 0.010101010101 0.161616161616 0.010101010101
0.879725085911 0.0549828178694 0.00343642611684 0.00343642611684 0.0549828178694 0.00343642611684
0.65641025641 0.164102564103 0.0025641025641 0.0102564102564 0.164102564103 0.0025641025641
0.430976430976 0.107744107744 0.0016835016835 0.026936026936 0.430976430976 0.0016835016835
0.430976430976 0.107744107744 0.0016835016835 0.026936026936 0.430976430976 0.0016835016835
0.657675016057 0.164418754014 0.00256904303147 0.0102761721259 0.164418754014 0.000642260757868
0.659262835989 0.164815708997 0.000643811363271 0.0103009818123 0.164815708997 0.000160952840818
0.166666666667 0.166666666667 0.166666666667 0.166666666667 0.166666666667 0.166666666667
0.0666666666667 0.0666666666667 0.266666666667 0.266666666667 0.0666666666667 0.266666666667
0.0555555555556 0.0555555555556 0.222222222222 0.222222222222 0.222222222222 0.222222222222
0.190476190476 0.047619047619 0.190476190476 0.190476190476 0.190476190476 0.190476190476
0.333333333333 0.0833333333333 0.0833333333333 0.333333333333 0.0833333333333 0.0833333333333
0.666666666667 0.0416666666667 0.0416666666667 0.166666666667 0.0416666666667 0.0416666666667
0.410256410256 0.025641025641 0.025641025641 0.410256410256 0.102564102564 0.025641025641
0.156862745098 0.0392156862745 0.00980392156863 0.627450980392 0.156862745098 0.00980392156863
0.140350877193 0.140350877193 0.00877192982456 0.561403508772 0.140350877193 0.00877192982456
0.395061728395 0.0987654320988 0.00617283950617 0.395061728395 0.0987654320988 0.00617283950617
0.141280353201 0.141280353201 0.00220750551876 0.565121412804 0.141280353201 0.00883002207506
0.0524160524161 0.0524160524161 0.000819000819001 0.838656838657 0.0524160524161 0.003276003276
0.159501557632 0.0398753894081 0.000623052959502 0.63800623053 0.159501557632 0.00249221183801
0.142459654981 0.142459654981 0.000556483027268 0.569838619922 0.142459654981 0.00222593210907
0.0525775313206 0.0525775313206 0.000205380981721 0.84124050113 0.0525775313206 0.000821523926884
0.0142817294282 0.0142817294282 5.57880055788e-05 0.914030683403 0.0571269177127 0.000223152022315
0.0470480128647 0.0117620032162 4.59453250632e-05 0.752768205835 0.188192051459 0.000183781300253
0.0470480128647 0.0117620032162 4.59453250632e-05 0.752768205835 0.188192051459 0.000183781300253
0.0474749933354 0.00296718708346 1.15905745448e-05 0.759599893367 0.189899973342 4.63622981791e-05
0.0123075073992 0.00307687684981 3.00476254864e-06 0.787680473551 0.196920118388 1.20190501946e-05
0.0123075073992 0.00307687684981 3.00476254864e-06 0.787680473551 0.196920118388 1.20190501946e-05
0.0474770569093 0.00296731605683 2.89776958675e-06 0.759632910549 0.189908227637 1.1591078347e-05
0.0474771600927 0.00296732250579 7.24443971141e-07 0.759634561483 0.189908640371 1.15911035383e-05
0.0123076530142 0.00307691325354 1.87799881198e-07 0.787689792907 0.196922448227 3.00479809916e-06
0.0474775986272 0.0029673499142 1.81112665661e-07 0.759641578035 0.189910394509 2.89780265058e-06
0.166233318225 0.00259739559727 1.58532446122e-07 0.664933272901 0.166233318225 2.53651913796e-06
0.166666666667 0.166666666667 0.166666666667 0.166666666667 0.166666666667 0.166666666667
0.0666666666667 0.266666666667 0.266666666667 0.266666666667 0.0666666666667 0.0666666666667
0.0333333333333 0.533333333333 0.133333333333 0.133333333333 0.133333333333 0.0333333333333
0.0888888888889 0.355555555556 0.0888888888889 0.0888888888889 0.355555555556 0.0222222222222
0.280701754386 0.280701754386 0.0701754385965 0.0701754385965 0.280701754386 0.0175438596491
0.547008547009 0.136752136752 0.034188034188 0.136752136752 0.136752136752 0.00854700854701
0.547008547009 0.136752136752 0.034188034188 0.136752136752 0.136752136752 0.00854700854701
0.300469483568 0.300469483568 0.018779342723 0.075117370892 0.300469483568 0.00469483568075
0.420361247947 0.105090311987 0.0262725779967 0.0262725779967 0.420361247947 0.00164203612479
0.285395763657 0.285395763657 0.0713489409142 0.0713489409142 0.285395763657 0.00111482720178
0.615015015015 0.153753753754 0.0384384384384 0.0384384384384 0.153753753754 0.000600600600601
0.718596491228 0.0449122807018 0.0112280701754 0.0449122807018 0.179649122807 0.000701754385965
0.717086834734 0.0448179271709 0.0112044817927 0.0448179271709 0.179271708683 0.00280112044818
0.717086834734 0.0448179271709 0.0112044817927 0.0448179271709 0.179271708683 0.00280112044818
0.872975277067 0.0545609548167 0.00341005967604 0.0136402387042 0.0545609548167 0.000852514919011
0.875775069489 0.0547359418431 0.000855249091298 0.0136839854608 0.0547359418431 0.000213812272824
0.88557375277 0.0553483595481 0.000216204529485 0.00345927247176 0.0553483595481 5.40511323712e-05
0.926631318487 0.0144786143514 5.655708731e-05 0.00090491339696 0.0579144574054 1.41392718275e-05
0.923966219741 0.0144369721835 0.000225577690366 0.00360924304586 0.0577478887338 1.40986056479e-05
0.97984204054 0.00382750797086 5.98048120447e-05 0.000956876992715 0.0153100318834 3.73780075279e-06
0.166666666667 0.166666666667 0.166666666667 0.166666666667 0.166666666667 0.166666666667
0.0666666666667 0.266666666667 0.266666666667 0.266666666667 0.0666666666667 0.0666666666667
0.0333333333333 0.533333333333 0.133333333333 0.133333333333 0.133333333333 0.0333333333333
0.0888888888889 0.355555555556 0.0888888888889 0.0888888888889 0.355555555556 0.0222222222222
0.280701754386 0.280701754386 0.0701754385965 0.0701754385965 0.280701754386 0.0175438596491
0.547008547009 0.136752136752 0.034188034188 0.136752136752 0.136752136752 0.00854700854701
0.547008547009 0.136752136752 0.034188034188 0.136752136752 0.136752136752 0.00854700854701
0.300469483568 0.300469483568 0.018779342723 0.075117370892 0.300469483568 0.00469483568075
0.420361247947 0.105090311987 0.0262725779967 0.0262725779967 0.420361247947 0.00164203612479
0.285395763657 0.285395763657 0.0713489409142 0.0713489409142 0.285395763657 0.00111482720178
0.615015015015 0.153753753754 0.0384384384384 0.0384384384384 0.153753753754 0.000600600600601
0.718596491228 0.0449122807018 0.0112280701754 0.0449122807018 0.179649122807 0.000701754385965
0.718596491228 0.0449122807018 0.0112280701754 0.0449122807018 0.179649122807 0.000701754385965
0.466940264478 0.0291837665299 0.00729594163247 0.0291837665299 0.466940264478 0.000455996352029
0.744050862852 0.0116257947321 0.0116257947321 0.0465031789282 0.186012715713 0.000181653042688
0.920811555106 0.00359692013713 0.00359692013713 0.0143876805485 0.0575507221941 5.62018771427e-05
0.901358860098 0.014083732189 0.014083732189 0.014083732189 0.0563349287561 5.50145788634e-05
0.901358860098 0.014083732189 0.014083732189 0.014083732189 0.0563349287561 5.50145788634e-05
0.744152245992 0.0116273788436 0.0116273788436 0.0465095153745 0.186038061498 4.54194486079e-05
0.778106262986 0.0121579103592 0.00303947758979 0.0121579103592 0.194526565747 1.18729593351e-05
0.794411867206 0.00310317135627 0.000775792839068 0.00310317135627 0.198602966802 3.03044077761e-06
0.936655920692 0.000914703047551 0.000228675761888 0.0036588121902 0.0585409950433 8.93264694874e-07
