Price Resolution OpticalZoom DigitalZoom Weight StorageIncluded
0.166666666667 0.166666666667 0.166666666667 0.166666666667 0.166666666667 0.166666666667
0.0416666666667 0.291666666667 0.291666666667 0.291666666667 0.0416666666667 0.0416666666667
0.0138888888889 0.430555555556 0.0972222222222 0.0972222222222 0.347222222222 0.0138888888889
0.337962962963 0.143518518519 0.0324074074074 0.0324074074074 0.449074074074 0.00462962962963
0.334490740741 0.0358796296296 0.00810185185185 0.258101851852 0.362268518519 0.00115740740741
0.334490740741 0.0358796296296 0.00810185185185 0.258101851852 0.362268518519 0.00115740740741
0.16724537037 0.517939814815 0.00405092592593 0.129050925926 0.181134259259 0.000578703703704
0.0557484567901 0.505979938272 0.00135030864198 0.376350308642 0.0603780864198 0.000192901234568
0.527874228395 0.252989969136 0.000675154320988 0.188175154321 0.0301890432099 9.6450617284e-05
0.131968557099 0.313247492284 0.000168788580247 0.29704378858 0.257547260802 2.4112654321e-05
0.377322852366 0.104415830761 5.62628600823e-05 0.0990145961934 0.419182420267 8.03755144033e-06
0.459107617455 0.0348052769204 1.87542866941e-05 0.0330048653978 0.473060806756 2.67918381344e-06
0.459107617455 0.0348052769204 1.87542866941e-05 0.0330048653978 0.473060806756 2.67918381344e-06
0.729553808728 0.0174026384602 9.37714334705e-06 0.0165024326989 0.236530403378 1.33959190672e-06
0.364776904364 0.00870131923011 4.68857167353e-06 0.00825121634945 0.118265201689 0.500000669796
0.121592301455 0.336233773077 1.56285722451e-06 0.336083738783 0.0394217338963 0.166666889932
0.280398075364 0.0840584432692 3.90714306127e-07 0.334020934696 0.259855433474 0.041666722483
0.280398075364 0.0840584432692 3.90714306127e-07 0.334020934696 0.259855433474 0.041666722483
0.0934660251212 0.0280194810897 1.30238102042e-07 0.444673644899 0.419951811158 0.0138889074943
0.36448867504 0.00933982702991 4.34127006808e-08 0.1482245483 0.473317270386 0.00462963583144
0.227414779173 0.168223304505 0.166666673902 0.19137075805 0.245552878398 0.000771605971907
0.113707389587 0.584111652252 0.0833333369511 0.095685379025 0.122776439199 0.000385802985954
0.278426847397 0.146027913063 0.0208333342378 0.273921344756 0.2806941098 9.64507464884e-05
0.639213423698 0.0730139565316 0.0104166671189 0.136960672378 0.1403470549 4.82253732442e-05
0.166666666667 0.166666666667 0.166666666667 0.166666666667 0.166666666667 0.166666666667
0.194444444444 0.194444444444 0.194444444444 0.194444444444 0.0277777777778 0.194444444444
0.398148148148 0.0648148148148 0.0648148148148 0.0648148148148 0.342592592593 0.0648148148148
0.132716049383 0.354938271605 0.0216049382716 0.0216049382716 0.447530864198 0.0216049382716
0.0663580246914 0.677469135802 0.0108024691358 0.0108024691358 0.223765432099 0.0108024691358
0.266589506173 0.169367283951 0.00270061728395 0.252700617284 0.305941358025 0.00270061728395
0.422196502058 0.38978909465 0.000900205761317 0.0842335390947 0.101980452675 0.000900205761317
0.0844393004115 0.27795781893 0.200180041152 0.216846707819 0.220396090535 0.000180041152263
0.0281464334705 0.09265260631 0.0667266803841 0.405615569273 0.406798696845 6.00137174211e-05
0.514073216735 0.046326303155 0.033363340192 0.202807784636 0.203399348422 3.00068587106e-05
0.102814643347 0.209265260631 0.00667266803841 0.240561556927 0.240679869684 0.200006001372
0.0514073216735 0.604632630316 0.0033363340192 0.120280778464 0.120339934842 0.100003000686
0.262851830418 0.151158157579 0.000834083504801 0.280070194616 0.280084983711 0.0250007501715
0.166666666667 0.166666666667 0.166666666667 0.166666666667 0.166666666667 0.166666666667
0.194444444444 0.194444444444 0.194444444444 0.194444444444 0.194444444444 0.0277777777778
0.298611111111 0.298611111111 0.0486111111111 0.0486111111111 0.298611111111 0.00694444444444
0.649305555556 0.149305555556 0.0243055555556 0.0243055555556 0.149305555556 0.00347222222222
0.549768518519 0.0497685185185 0.00810185185185 0.341435185185 0.0497685185185 0.00115740740741
0.274884259259 0.524884259259 0.00405092592593 0.170717592593 0.0248842592593 0.000578703703704
0.0916280864198 0.508294753086 0.00135030864198 0.0569058641975 0.34162808642 0.000192901234568
0.0305426954733 0.169431584362 0.000450102880658 0.352301954733 0.44720936214 6.43004115226e-05
0.515271347737 0.0847157921811 0.000225051440329 0.176150977366 0.22360468107 3.21502057613e-05
0.757635673868 0.0423578960905 0.000112525720165 0.0880754886831 0.111802340535 1.60751028807e-05
0.151527134774 0.208471579218 2.25051440329e-05 0.217615097737 0.222360468107 0.200003215021
0.0757635673868 0.604235789609 1.12525720165e-05 0.108807548868 0.111180234053 0.10000160751
0.268940891847 0.151058947402 2.81314300412e-06 0.277201887217 0.277795058513 0.0250004018776
0.634470445923 0.0755294737011 1.40657150206e-06 0.138600943609 0.138897529257 0.0125002009388
0.166666666667 0.166666666667 0.166666666667 0.166666666667 0.166666666667 0.166666666667
0.0416666666667 0.291666666667 0.0416666666667 0.291666666667 0.291666666667 0.0416666666667
0.0208333333333 0.145833333333 0.520833333333 0.145833333333 0.145833333333 0.0208333333333
0.340277777778 0.0486111111111 0.506944444444 0.0486111111111 0.0486111111111 0.00694444444444
0.335069444444 0.0121527777778 0.126736111111 0.262152777778 0.262152777778 0.00173611111111
0.111689814815 0.337384259259 0.0422453703704 0.420717592593 0.0873842592593 0.000578703703704
0.555844907407 0.16869212963 0.0211226851852 0.210358796296 0.0436921296296 0.000289351851852
0.185281635802 0.38956404321 0.00704089506173 0.403452932099 0.0145640432099 9.6450617284e-05
0.395093878601 0.463188014403 0.00234696502058 0.1344843107 0.00485468106996 3.21502057613e-05
0.465031292867 0.154396004801 0.000782321673525 0.0448281035665 0.334951560357 1.07167352538e-05
0.488343764289 0.0514653349337 0.000260773891175 0.348276034522 0.111650520119 3.57224508459e-06
0.488343764289 0.0514653349337 0.000260773891175 0.348276034522 0.111650520119 3.57224508459e-06
0.122085941072 0.262866333733 6.51934727938e-05 0.337069008631 0.27791263003 8.93061271148e-07
0.374028647024 0.420955444578 2.17311575979e-05 0.11235633621 0.0926375433432 2.97687090383e-07
0.687014323512 0.210477722289 1.0865578799e-05 0.0561781681051 0.0463187716716 1.48843545191e-07
0.337402864702 0.0420955444578 0.200002173116 0.211235633621 0.209263754334 2.97687090383e-08
0.0674805729405 0.208419108892 0.0400004346232 0.242247126724 0.241852750867 0.200000005954
0.0337402864702 0.604209554446 0.0200002173116 0.121123563362 0.120926375433 0.100000002977
0.258435071618 0.151052388611 0.00500005432789 0.280280890841 0.280231593858 0.0250000007442
0.629217535809 0.0755261943057 0.00250002716395 0.14014044542 0.140115796929 0.0125000003721
0.166666666667 0.166666666667 0.166666666667 0.166666666667 0.166666666667 0.166666666667
0.0333333333333 0.233333333333 0.233333333333 0.233333333333 0.233333333333 0.0333333333333
0.258333333333 0.308333333333 0.0583333333333 0.0583333333333 0.308333333333 0.00833333333333
0.629166666667 0.154166666667 0.0291666666667 0.0291666666667 0.154166666667 0.00416666666667
0.543055555556 0.0513888888889 0.00972222222222 0.343055555556 0.0513888888889 0.00138888888889
0.271527777778 0.525694444444 0.00486111111111 0.171527777778 0.0256944444444 0.000694444444444
0.0905092592593 0.508564814815 0.00162037037037 0.0571759259259 0.341898148148 0.000231481481481
0.0301697530864 0.169521604938 0.00054012345679 0.352391975309 0.447299382716 7.71604938272e-05
0.515084876543 0.0847608024691 0.000270061728395 0.176195987654 0.223649691358 3.85802469136e-05
0.757542438272 0.0423804012346 0.000135030864198 0.0880979938272 0.111824845679 1.92901234568e-05
0.151508487654 0.208476080247 2.70061728395e-05 0.217619598765 0.222364969136 0.200003858025
0.0757542438272 0.604238040123 1.35030864198e-05 0.108809799383 0.111182484568 0.100001929012
0.268938560957 0.151059510031 3.37577160494e-06 0.277202449846 0.277795621142 0.0250004822531
0.634469280478 0.0755297550154 1.68788580247e-06 0.138601224923 0.138897810571 0.0125002411265
