Price Resolution OpticalZoom DigitalZoom Weight StorageIncluded
0.166666666667 0.166666666667 0.166666666667 0.166666666667 0.166666666667 0.166666666667
0.0833333333333 0.0833333333333 0.333333333333 0.333333333333 0.0833333333333 0.0833333333333
0.0555555555556 0.222222222222 0.222222222222 0.222222222222 0.222222222222 0.0555555555556
0.121212121212 0.121212121212 0.121212121212 0.121212121212 0.484848484848 0.030303030303
0.152380952381 0.0380952380952 0.0380952380952 0.152380952381 0.609523809524 0.00952380952381
0.136752136752 0.136752136752 0.034188034188 0.136752136752 0.547008547009 0.00854700854701
0.300469483568 0.075117370892 0.018779342723 0.300469483568 0.300469483568 0.00469483568075
0.245210727969 0.245210727969 0.0153256704981 0.245210727969 0.245210727969 0.00383141762452
0.0992248062016 0.0992248062016 0.0062015503876 0.396899224806 0.396899224806 0.0015503875969
0.305854241338 0.0764635603345 0.00477897252091 0.305854241338 0.305854241338 0.00119474313023
0.0996884735202 0.0996884735202 0.00155763239875 0.398753894081 0.398753894081 0.00155763239875
0.0767386091127 0.306954436451 0.00119904076739 0.306954436451 0.306954436451 0.00119904076739
0.0999219359875 0.0999219359875 0.000390320062451 0.39968774395 0.39968774395 0.000390320062451
0.166666666667 0.166666666667 0.166666666667 0.166666666667 0.166666666667 0.166666666667
0.190476190476 0.190476190476 0.047619047619 0.190476190476 0.190476190476 0.190476190476
0.190476190476 0.190476190476 0.047619047619 0.190476190476 0.190476190476 0.190476190476
0.355555555556 0.0888888888889 0.0222222222222 0.0888888888889 0.355555555556 0.0888888888889
0.355555555556 0.0888888888889 0.0222222222222 0.0888888888889 0.355555555556 0.0888888888889
0.609523809524 0.152380952381 0.00952380952381 0.0380952380952 0.152380952381 0.0380952380952
0.651399491094 0.162849872774 0.00254452926209 0.0101781170483 0.162849872774 0.0101781170483
0.428810720268 0.107202680067 0.00167504187605 0.0268006700168 0.428810720268 0.00670016750419
0.750183150183 0.0468864468864 0.000732600732601 0.0117216117216 0.187545787546 0.0029304029304
0.750183150183 0.0468864468864 0.000732600732601 0.0117216117216 0.187545787546 0.0029304029304
0.431521281079 0.10788032027 0.000421407501054 0.0269700800674 0.431521281079 0.00168563000421
0.470318061775 0.0293948788609 0.000114823745551 0.0293948788609 0.470318061775 0.000459294982202
0.188192051459 0.0470480128647 4.59453250632e-05 0.0117620032162 0.752768205835 0.000183781300253
0.188192051459 0.0470480128647 4.59453250632e-05 0.0117620032162 0.752768205835 0.000183781300253
0.44128420599 0.110321051498 0.000107735401853 0.0068950657186 0.44128420599 0.000107735401853
0.481174743025 0.0300734214391 2.93685756241e-05 0.00751835535977 0.481174743025 2.93685756241e-05
0.481174743025 0.0300734214391 2.93685756241e-05 0.00751835535977 0.481174743025 2.93685756241e-05
0.492300295969 0.00769219212452 7.5119063716e-06 0.00769219212452 0.492300295969 7.5119063716e-06
0.166666666667 0.166666666667 0.166666666667 0.166666666667 0.166666666667 0.166666666667
0.222222222222 0.0555555555556 0.222222222222 0.222222222222 0.222222222222 0.0555555555556
0.380952380952 0.0238095238095 0.0952380952381 0.0952380952381 0.380952380952 0.0238095238095
0.380952380952 0.0238095238095 0.0952380952381 0.0952380952381 0.380952380952 0.0238095238095
0.355555555556 0.0888888888889 0.0888888888889 0.0888888888889 0.355555555556 0.0222222222222
0.231884057971 0.231884057971 0.0579710144928 0.231884057971 0.231884057971 0.0144927536232
0.387878787879 0.0969696969697 0.0242424242424 0.0969696969697 0.387878787879 0.00606060606061
0.137634408602 0.137634408602 0.0344086021505 0.137634408602 0.550537634409 0.00215053763441
0.137634408602 0.137634408602 0.0344086021505 0.137634408602 0.550537634409 0.00215053763441
0.141514648977 0.141514648977 0.00884466556108 0.141514648977 0.566058595909 0.000552791597568
0.397361272798 0.0993403181995 0.00620876988747 0.0993403181995 0.397361272798 0.000388048117967
0.166666666667 0.166666666667 0.166666666667 0.166666666667 0.166666666667 0.166666666667
0.222222222222 0.222222222222 0.0555555555556 0.222222222222 0.222222222222 0.0555555555556
0.533333333333 0.133333333333 0.0333333333333 0.133333333333 0.133333333333 0.0333333333333
0.484848484848 0.121212121212 0.030303030303 0.121212121212 0.121212121212 0.121212121212
0.484848484848 0.121212121212 0.030303030303 0.121212121212 0.121212121212 0.121212121212
0.688172043011 0.172043010753 0.010752688172 0.0430107526882 0.0430107526882 0.0430107526882
0.861952861953 0.0538720538721 0.003367003367 0.013468013468 0.0538720538721 0.013468013468
0.950789229341 0.0148560817084 0.000928505106778 0.0148560817084 0.0148560817084 0.00371402042711
0.910222222222 0.0568888888889 0.000888888888889 0.0142222222222 0.0142222222222 0.00355555555556
0.838656838657 0.0524160524161 0.000819000819001 0.0524160524161 0.0524160524161 0.003276003276
0.724699221515 0.181174805379 0.00070771408351 0.0452937013447 0.0452937013447 0.00283085633404
0.84124050113 0.0525775313206 0.000205380981721 0.0525775313206 0.0525775313206 0.000821523926884
0.84124050113 0.0525775313206 0.000205380981721 0.0525775313206 0.0525775313206 0.000821523926884
0.840722495895 0.0525451559934 0.000821018062397 0.0525451559934 0.0525451559934 0.000821018062397
0.954778554779 0.0149184149184 0.0002331002331 0.0149184149184 0.0149184149184 0.0002331002331
0.841759145088 0.052609946568 0.000205507603781 0.052609946568 0.052609946568 0.000205507603781
0.727014554491 0.0454384096557 0.000177493787717 0.181753638623 0.0454384096557 0.000177493787717
0.63950039032 0.15987509758 0.000624512099922 0.15987509758 0.039968774395 0.00015612802498
0.727111347801 0.0454444592376 0.000177517418897 0.18177783695 0.0454444592376 4.43793547242e-05
0.914221943224 0.0142847178629 5.57996791518e-05 0.0571388714515 0.0142847178629 1.3949919788e-05
0.914221943224 0.0142847178629 5.57996791518e-05 0.0571388714515 0.0142847178629 1.3949919788e-05
0.166666666667 0.166666666667 0.166666666667 0.166666666667 0.166666666667 0.166666666667
0.0666666666667 0.0666666666667 0.266666666667 0.266666666667 0.0666666666667 0.266666666667
0.190476190476 0.047619047619 0.190476190476 0.190476190476 0.190476190476 0.190476190476
0.111111111111 0.111111111111 0.111111111111 0.111111111111 0.444444444444 0.111111111111
0.266666666667 0.266666666667 0.0666666666667 0.0666666666667 0.266666666667 0.0666666666667
0.133333333333 0.533333333333 0.0333333333333 0.133333333333 0.133333333333 0.0333333333333
0.380952380952 0.380952380952 0.0238095238095 0.0952380952381 0.0952380952381 0.0238095238095
0.561403508772 0.140350877193 0.00877192982456 0.140350877193 0.140350877193 0.00877192982456
0.395061728395 0.395061728395 0.00617283950617 0.0987654320988 0.0987654320988 0.00617283950617
0.245210727969 0.245210727969 0.0153256704981 0.245210727969 0.245210727969 0.00383141762452
0.305854241338 0.305854241338 0.00477897252091 0.305854241338 0.0764635603345 0.00119474313023
0.569838619922 0.142459654981 0.00222593210907 0.142459654981 0.142459654981 0.000556483027268
0.726627638815 0.181656909704 0.00070959730353 0.0454142274259 0.0454142274259 0.000177399325883
