Price Resolution OpticalZoom DigitalZoom Weight StorageIncluded
0.166666666667 0.166666666667 0.166666666667 0.166666666667 0.166666666667 0.166666666667
0.190476190476 0.190476190476 0.047619047619 0.190476190476 0.190476190476 0.190476190476
0.190476190476 0.190476190476 0.047619047619 0.190476190476 0.190476190476 0.190476190476
0.355555555556 0.0888888888889 0.0222222222222 0.0888888888889 0.355555555556 0.0888888888889
0.280701754386 0.280701754386 0.0175438596491 0.0701754385965 0.280701754386 0.0701754385965
0.166666666667 0.166666666667 0.166666666667 0.166666666667 0.166666666667 0.166666666667
0.190476190476 0.190476190476 0.047619047619 0.190476190476 0.190476190476 0.190476190476
0.190476190476 0.190476190476 0.047619047619 0.190476190476 0.190476190476 0.190476190476
0.355555555556 0.0888888888889 0.0222222222222 0.0888888888889 0.355555555556 0.0888888888889
0.166666666667 0.166666666667 0.166666666667 0.166666666667 0.166666666667 0.166666666667
0.166666666667 0.166666666667 0.166666666667 0.166666666667 0.166666666667 0.166666666667
0.190476190476 0.190476190476 0.047619047619 0.190476190476 0.190476190476 0.190476190476
0.190476190476 0.190476190476 0.047619047619 0.190476190476 0.190476190476 0.190476190476
0.355555555556 0.0888888888889 0.0222222222222 0.0888888888889 0.355555555556 0.0888888888889
0.166666666667 0.166666666667 0.166666666667 0.166666666667 0.166666666667 0.166666666667
0.0833333333333 0.0833333333333 0.333333333333 0.333333333333 0.0833333333333 0.0833333333333
0.0555555555556 0.222222222222 0.222222222222 0.222222222222 0.222222222222 0.0555555555556
0.121212121212 0.121212121212 0.121212121212 0.121212121212 0.484848484848 0.030303030303
0.0430107526882 0.0430107526882 0.0430107526882 0.172043010753 0.688172043011 0.010752688172
0.152380952381 0.0380952380952 0.0380952380952 0.152380952381 0.609523809524 0.00952380952381
0.136752136752 0.136752136752 0.034188034188 0.136752136752 0.547008547009 0.00854700854701
0.0969696969697 0.387878787879 0.0242424242424 0.0969696969697 0.387878787879 0.00606060606061
0.300469483568 0.300469483568 0.018779342723 0.075117370892 0.300469483568 0.00469483568075
0.0992248062016 0.396899224806 0.0062015503876 0.0992248062016 0.396899224806 0.0015503875969
0.0452937013447 0.724699221515 0.00283085633404 0.0452937013447 0.181174805379 0.00070771408351
0.142459654981 0.569838619922 0.00222593210907 0.142459654981 0.142459654981 0.000556483027268
0.0998050682261 0.399220272904 0.00155945419103 0.0998050682261 0.399220272904 0.000389863547758
0.142757563084 0.571030252335 0.000557646730796 0.142757563084 0.142757563084 0.000139411682699
0.399804782821 0.399804782821 0.000390434358224 0.0999511957052 0.0999511957052 9.76085895559e-05
0.18168108228 0.72672432912 0.000709691727656 0.04542027057 0.04542027057 4.43557329785e-05
0.0526200845313 0.841921352501 0.0002055472052 0.0526200845313 0.0526200845313 1.2846700325e-05
0.142776223715 0.571104894861 0.000557719623888 0.142776223715 0.142776223715 8.71436912325e-06
0.399841371526 0.399841371526 0.000390470089381 0.0999603428815 0.0999603428815 6.10109514658e-06
0.159899672325 0.639598689299 0.000624608095019 0.159899672325 0.0399749180812 2.43987537117e-06
0.0547827489846 0.876523983753 0.000213995113221 0.0547827489846 0.0136956872461 8.35918411019e-07
0.181785778431 0.727143113722 0.000177525174249 0.0454464446076 0.0454464446076 6.93457711909e-07
0.399960788756 0.399960788756 9.76466769425e-05 0.0999901971891 0.0999901971891 3.81432331806e-07
0.181809985318 0.72723994127 4.43872034467e-05 0.0454524963294 0.0454524963294 6.93550053854e-07
