Price Resolution OpticalZoom DigitalZoom Weight StorageIncluded
0.166666666667 0.166666666667 0.166666666667 0.166666666667 0.166666666667 0.166666666667
0.291666666667 0.0416666666667 0.291666666667 0.291666666667 0.0416666666667 0.0416666666667
0.430555555556 0.0138888888889 0.0972222222222 0.0972222222222 0.347222222222 0.0138888888889
0.143518518519 0.337962962963 0.0324074074074 0.0324074074074 0.449074074074 0.00462962962963
0.0717592592593 0.668981481481 0.0162037037037 0.0162037037037 0.224537037037 0.00231481481481
0.267939814815 0.16724537037 0.00405092592593 0.254050925926 0.306134259259 0.000578703703704
0.633969907407 0.0836226851852 0.00202546296296 0.127025462963 0.15306712963 0.000289351851852
0.544656635802 0.0278742283951 0.000675154320988 0.375675154321 0.0510223765432 9.6450617284e-05
0.166666666667 0.166666666667 0.166666666667 0.166666666667 0.166666666667 0.166666666667
0.0555555555556 0.0555555555556 0.388888888889 0.388888888889 0.0555555555556 0.0555555555556
0.263888888889 0.263888888889 0.0972222222222 0.0972222222222 0.263888888889 0.0138888888889
0.421296296296 0.087962962963 0.0324074074074 0.0324074074074 0.421296296296 0.00462962962963
0.473765432099 0.0293209876543 0.0108024691358 0.344135802469 0.140432098765 0.00154320987654
0.118441358025 0.257330246914 0.252700617284 0.336033950617 0.0351080246914 0.000385802469136
0.0394804526749 0.419110082305 0.0842335390947 0.112011316872 0.34503600823 0.000128600823045
0.519740226337 0.209555041152 0.0421167695473 0.0560056584362 0.172518004115 6.43004115226e-05
0.506580075446 0.0698516803841 0.0140389231824 0.352001886145 0.0575060013717 2.14334705075e-05
0.166666666667 0.166666666667 0.166666666667 0.166666666667 0.166666666667 0.166666666667
0.233333333333 0.233333333333 0.0333333333333 0.233333333333 0.233333333333 0.0333333333333
0.116666666667 0.116666666667 0.516666666667 0.116666666667 0.116666666667 0.0166666666667
0.372222222222 0.0388888888889 0.505555555556 0.0388888888889 0.0388888888889 0.00555555555556
0.343055555556 0.00972222222222 0.126388888889 0.259722222222 0.259722222222 0.00138888888889
0.114351851852 0.336574074074 0.0421296296296 0.419907407407 0.0865740740741 0.000462962962963
0.371450617284 0.112191358025 0.0140432098765 0.139969135802 0.362191358025 0.000154320987654
0.274290123457 0.222438271605 0.00280864197531 0.22799382716 0.272438271605 3.08641975309e-05
0.0914300411523 0.407479423868 0.00093621399177 0.40933127572 0.0908127572016 1.02880658436e-05
0.0457150205761 0.703739711934 0.000468106995885 0.20466563786 0.0454063786008 5.14403292181e-06
0.261428755144 0.175934927984 0.000117026748971 0.301166409465 0.26135159465 1.28600823045e-06
0.630714377572 0.0879674639918 5.85133744856e-05 0.150583204733 0.130675797325 6.43004115226e-07
0.543571459191 0.0293224879973 1.95044581619e-05 0.383527734911 0.0435585991084 2.14334705075e-07
0.181190486397 0.343107495999 6.50148605396e-06 0.127842578304 0.347852866369 7.14449016918e-08
0.166666666667 0.166666666667 0.166666666667 0.166666666667 0.166666666667 0.166666666667
0.0333333333333 0.233333333333 0.0333333333333 0.233333333333 0.233333333333 0.233333333333
0.0333333333333 0.233333333333 0.0333333333333 0.233333333333 0.233333333333 0.233333333333
0.344444444444 0.0777777777778 0.0111111111111 0.0777777777778 0.411111111111 0.0777777777778
0.336111111111 0.0194444444444 0.00277777777778 0.269444444444 0.352777777778 0.0194444444444
0.336111111111 0.0194444444444 0.00277777777778 0.269444444444 0.352777777778 0.0194444444444
0.267222222222 0.203888888889 0.000555555555556 0.253888888889 0.270555555556 0.00388888888889
0.253444444444 0.240777777778 0.000111111111111 0.250777777778 0.0541111111111 0.200777777778
0.0844814814815 0.413592592593 3.7037037037e-05 0.0835925925926 0.35137037037 0.0669259259259
0.36149382716 0.137864197531 0.333345679012 0.0278641975309 0.11712345679 0.0223086419753
0.34037345679 0.0344660493827 0.0833364197531 0.256966049383 0.279280864198 0.00557716049383
0.170186728395 0.0172330246914 0.0416682098765 0.628483024691 0.139640432099 0.00278858024691
0.056728909465 0.339077674897 0.0138894032922 0.209494341564 0.379880144033 0.000929526748971
0.166666666667 0.166666666667 0.166666666667 0.166666666667 0.166666666667 0.166666666667
0.0416666666667 0.291666666667 0.291666666667 0.291666666667 0.0416666666667 0.0416666666667
0.260416666667 0.322916666667 0.0729166666667 0.0729166666667 0.260416666667 0.0104166666667
0.420138888889 0.107638888889 0.0243055555556 0.0243055555556 0.420138888889 0.00347222222222
0.47337962963 0.0358796296296 0.00810185185185 0.341435185185 0.140046296296 0.00115740740741
0.118344907407 0.258969907407 0.252025462963 0.335358796296 0.0350115740741 0.000289351851852
0.0591724537037 0.129484953704 0.126012731481 0.167679398148 0.517505787037 0.000144675925926
0.529586226852 0.0647424768519 0.0630063657407 0.0838396990741 0.258752893519 7.2337962963e-05
0.264793113426 0.532371238426 0.0315031828704 0.041919849537 0.129376446759 3.61689814815e-05
