Price Resolution OpticalZoom DigitalZoom Weight StorageIncluded
0.166666666667 0.166666666667 0.166666666667 0.166666666667 0.166666666667 0.166666666667
0.0833333333333 0.333333333333 0.0833333333333 0.0833333333333 0.0833333333333 0.333333333333
0.0833333333333 0.333333333333 0.0833333333333 0.0833333333333 0.0833333333333 0.333333333333
0.190476190476 0.190476190476 0.047619047619 0.190476190476 0.190476190476 0.190476190476
0.484848484848 0.121212121212 0.030303030303 0.121212121212 0.121212121212 0.121212121212
0.231884057971 0.231884057971 0.0144927536232 0.231884057971 0.0579710144928 0.231884057971
0.222222222222 0.222222222222 0.0555555555556 0.222222222222 0.0555555555556 0.222222222222
0.484848484848 0.121212121212 0.030303030303 0.121212121212 0.121212121212 0.121212121212
0.496124031008 0.124031007752 0.0077519379845 0.124031007752 0.124031007752 0.124031007752
0.361581920904 0.361581920904 0.00564971751412 0.090395480226 0.090395480226 0.090395480226
0.363120567376 0.363120567376 0.00141843971631 0.090780141844 0.090780141844 0.090780141844
0.695179904956 0.173794976239 0.000678886625933 0.0434487440597 0.0434487440597 0.0434487440597
0.693766937669 0.173441734417 0.00271002710027 0.0433604336043 0.0433604336043 0.0433604336043
0.389649923896 0.389649923896 0.00152207001522 0.0974124809741 0.0243531202435 0.0974124809741
0.615015015015 0.153753753754 0.000600600600601 0.153753753754 0.0384384384384 0.0384384384384
0.744050862852 0.186012715713 0.000181653042688 0.0465031789282 0.0116257947321 0.0116257947321
0.633565351895 0.158391337974 0.00015467904099 0.158391337974 0.0395978344934 0.00989945862336
0.397476952935 0.397476952935 9.70402717128e-05 0.0993692382339 0.0993692382339 0.00621057738962
0.1812950914 0.7251803656 4.42614969238e-05 0.04532377285 0.04532377285 0.00283273580312
0.141588025856 0.566352103426 3.45673891251e-05 0.141588025856 0.141588025856 0.00884925161603
0.306214372489 0.306214372489 1.86898420708e-05 0.0765535931221 0.306214372489 0.00478459957013
0.249023452343 0.249023452343 1.51991853237e-05 0.249023452343 0.249023452343 0.00389099144286
0.306218664872 0.306218664872 4.67252601429e-06 0.306218664872 0.0765546662181 0.00478466663863
0.638402435312 0.159600608828 2.43531202435e-06 0.159600608828 0.039900152207 0.00249375951294
0.570154661934 0.142538665483 2.17496742986e-06 0.142538665483 0.142538665483 0.00222716664818
0.166666666667 0.166666666667 0.166666666667 0.166666666667 0.166666666667 0.166666666667
0.190476190476 0.190476190476 0.047619047619 0.190476190476 0.190476190476 0.190476190476
0.190476190476 0.190476190476 0.047619047619 0.190476190476 0.190476190476 0.190476190476
0.355555555556 0.0888888888889 0.0222222222222 0.0888888888889 0.355555555556 0.0888888888889
0.355555555556 0.0888888888889 0.0222222222222 0.0888888888889 0.355555555556 0.0888888888889
0.190476190476 0.190476190476 0.047619047619 0.190476190476 0.190476190476 0.190476190476
0.355555555556 0.0888888888889 0.0222222222222 0.0888888888889 0.355555555556 0.0888888888889
0.387878787879 0.0969696969697 0.00606060606061 0.0969696969697 0.387878787879 0.0242424242424
0.550537634409 0.137634408602 0.00215053763441 0.137634408602 0.137634408602 0.0344086021505
0.830494728305 0.0519059205191 0.00081103000811 0.0519059205191 0.0519059205191 0.0129764801298
0.951451800232 0.0148664343786 0.000232288037166 0.0148664343786 0.0148664343786 0.00371660859466
0.839172300758 0.0524482687974 0.00020487604999 0.0524482687974 0.0524482687974 0.00327801679984
0.875915530607 0.0136861801657 5.34616412724e-05 0.0547447206629 0.0547447206629 0.000855386260358
0.752353400377 0.0117555218809 4.59200073472e-05 0.188088350094 0.0470220875235 0.000734720117555
0.469711304148 0.0293569565093 2.86689028411e-05 0.469711304148 0.0293569565093 0.00183480978183
0.752379312324 0.0117559267551 1.14803972217e-05 0.188094828081 0.0470237070203 0.000734745422192
0.469721403946 0.0293575877466 7.16737982096e-06 0.469721403946 0.0293575877466 0.00183484923417
0.469711304148 0.0293569565093 2.86689028411e-05 0.469711304148 0.0293569565093 0.00183480978183
0.429518940883 0.107379735221 2.62157556692e-05 0.429518940883 0.0268449338052 0.0067112334513
0.469721403946 0.0293575877466 7.16737982096e-06 0.469721403946 0.0293575877466 0.00183484923417
0.18130261458 0.0453256536449 2.76645835235e-06 0.725210458319 0.0453256536449 0.00283285335281
0.159600608828 0.039900152207 2.43531202435e-06 0.638402435312 0.159600608828 0.00249375951294
0.159599442805 0.0398998607012 9.741176929e-06 0.638397771219 0.159599442805 0.00249374129382
0.166666666667 0.166666666667 0.166666666667 0.166666666667 0.166666666667 0.166666666667
0.0666666666667 0.266666666667 0.0666666666667 0.266666666667 0.0666666666667 0.266666666667
0.0666666666667 0.266666666667 0.0666666666667 0.266666666667 0.0666666666667 0.266666666667
0.121212121212 0.121212121212 0.030303030303 0.484848484848 0.121212121212 0.121212121212
0.121212121212 0.121212121212 0.030303030303 0.484848484848 0.121212121212 0.121212121212
0.222222222222 0.222222222222 0.0555555555556 0.222222222222 0.0555555555556 0.222222222222
0.190476190476 0.190476190476 0.190476190476 0.190476190476 0.047619047619 0.190476190476
0.444444444444 0.111111111111 0.111111111111 0.111111111111 0.111111111111 0.111111111111
0.484848484848 0.121212121212 0.030303030303 0.121212121212 0.121212121212 0.121212121212
0.333333333333 0.333333333333 0.0833333333333 0.0833333333333 0.0833333333333 0.0833333333333
0.355555555556 0.355555555556 0.0222222222222 0.0888888888889 0.0888888888889 0.0888888888889
0.688172043011 0.172043010753 0.010752688172 0.0430107526882 0.0430107526882 0.0430107526882
0.666666666667 0.166666666667 0.0416666666667 0.0416666666667 0.0416666666667 0.0416666666667
0.380952380952 0.380952380952 0.0238095238095 0.0952380952381 0.0238095238095 0.0952380952381
0.609523809524 0.152380952381 0.00952380952381 0.152380952381 0.0380952380952 0.0380952380952
0.742028985507 0.185507246377 0.00289855072464 0.0463768115942 0.0115942028986 0.0115942028986
0.632098765432 0.158024691358 0.00246913580247 0.158024691358 0.0395061728395 0.00987654320988
0.323232323232 0.323232323232 0.00505050505051 0.323232323232 0.020202020202 0.00505050505051
0.65641025641 0.164102564103 0.0025641025641 0.164102564103 0.0102564102564 0.0025641025641
0.325699745547 0.325699745547 0.00127226463104 0.325699745547 0.0203562340967 0.00127226463104
0.164736164736 0.658944658945 0.000643500643501 0.164736164736 0.010296010296 0.000643500643501
0.047433759496 0.758940151936 0.000185288123031 0.189735037984 0.0029646099685 0.000741152492125
0.164815708997 0.659262835989 0.000160952840818 0.164815708997 0.0103009818123 0.000643811363271
0.0470220875235 0.752353400377 4.59200073472e-05 0.188088350094 0.0117555218809 0.000734720117555
0.164835607067 0.659342428267 4.02430681315e-05 0.164835607067 0.0103022254417 0.000643889090104
0.189873564417 0.759494257669 1.1588962672e-05 0.0474683911043 0.00296677444402 0.000185423402751
0.16492022749 0.65968090996 1.00659318536e-05 0.16492022749 0.0103075142181 0.000161054909658
0.0553595804782 0.885753287651 1.35155225777e-05 0.0553595804782 0.00345997377989 5.40620903107e-05
0.014440178669 0.924171434816 3.52543424536e-06 0.057760714676 0.00361004466725 1.41017369815e-05
0.0470577422394 0.75292387583 1.14887066014e-05 0.188230968958 0.0117644355598 1.14887066014e-05
0.164945132387 0.659780529548 1.00674519279e-05 0.164945132387 0.0103090707742 1.00674519279e-05
0.0470581477173 0.752930363477 2.87220139876e-06 0.188232590869 0.0117645369293 1.1488805595e-05
0.0470577422394 0.75292387583 1.14887066014e-05 0.188230968958 0.0117644355598 1.14887066014e-05
0.166666666667 0.166666666667 0.166666666667 0.166666666667 0.166666666667 0.166666666667
0.0666666666667 0.0666666666667 0.266666666667 0.266666666667 0.0666666666667 0.266666666667
0.0555555555556 0.0555555555556 0.222222222222 0.222222222222 0.222222222222 0.222222222222
0.047619047619 0.190476190476 0.190476190476 0.190476190476 0.190476190476 0.190476190476
0.111111111111 0.111111111111 0.111111111111 0.111111111111 0.444444444444 0.111111111111
0.0416666666667 0.0416666666667 0.0416666666667 0.166666666667 0.666666666667 0.0416666666667
0.037037037037 0.037037037037 0.148148148148 0.148148148148 0.592592592593 0.037037037037
0.133333333333 0.0333333333333 0.133333333333 0.133333333333 0.533333333333 0.0333333333333
0.355555555556 0.0888888888889 0.0888888888889 0.0888888888889 0.355555555556 0.0222222222222
0.152380952381 0.0380952380952 0.0380952380952 0.152380952381 0.609523809524 0.00952380952381
0.133333333333 0.133333333333 0.0333333333333 0.133333333333 0.533333333333 0.0333333333333
0.0952380952381 0.380952380952 0.0238095238095 0.0952380952381 0.380952380952 0.0238095238095
0.140350877193 0.140350877193 0.00877192982456 0.140350877193 0.561403508772 0.00877192982456
0.395061728395 0.0987654320988 0.00617283950617 0.0987654320988 0.395061728395 0.00617283950617
0.723163841808 0.045197740113 0.00282485875706 0.045197740113 0.180790960452 0.00282485875706
0.428810720268 0.107202680067 0.00167504187605 0.0268006700168 0.428810720268 0.00670016750419
0.304761904762 0.304761904762 0.0047619047619 0.0761904761905 0.304761904762 0.0047619047619
0.636815920398 0.1592039801 0.00248756218905 0.0398009950249 0.1592039801 0.00248756218905
0.430976430976 0.107744107744 0.0016835016835 0.026936026936 0.430976430976 0.0016835016835
0.639200998752 0.159800249688 0.000624219725343 0.039950062422 0.159800249688 0.000624219725343
0.307507507508 0.307507507508 0.0003003003003 0.0768768768769 0.307507507508 0.0003003003003
0.15987509758 0.63950039032 0.00015612802498 0.039968774395 0.15987509758 0.000624512099922
0.15987509758 0.63950039032 0.00015612802498 0.039968774395 0.15987509758 0.000624512099922
0.307576781557 0.307576781557 7.50919876849e-05 0.0768941953894 0.307576781557 0.00030036795074
0.159968756102 0.159968756102 3.90548720953e-05 0.0399921890256 0.639875024409 0.000156219488381
0.307594104947 0.307594104947 1.8774054257e-05 0.0768985262367 0.307594104947 0.000300384868112
0.142776223715 0.571104894861 8.71436912325e-06 0.142776223715 0.142776223715 0.000557719623888
0.142776223715 0.571104894861 8.71436912325e-06 0.142776223715 0.142776223715 0.000557719623888
0.0768996090248 0.307598436099 4.69357965239e-06 0.307598436099 0.307598436099 0.000300389097753
0.142836904474 0.142836904474 2.17951819571e-06 0.142836904474 0.571347617896 0.000139489164525
0.03999372657 0.15997490628 6.10255837555e-07 0.15997490628 0.63989962512 0.000156225494414
0.0769172086058 0.307668834423 1.17366346139e-06 0.307668834423 0.307668834423 7.51144615291e-05
0.0769172086058 0.307668834423 1.17366346139e-06 0.307668834423 0.307668834423 7.51144615291e-05
0.166666666667 0.166666666667 0.166666666667 0.166666666667 0.166666666667 0.166666666667
