Price Resolution OpticalZoom DigitalZoom Weight StorageIncluded
0.166666666667 0.166666666667 0.166666666667 0.166666666667 0.166666666667 0.166666666667
0.0833333333333 0.333333333333 0.0833333333333 0.0833333333333 0.0833333333333 0.333333333333
0.0833333333333 0.333333333333 0.0833333333333 0.0833333333333 0.0833333333333 0.333333333333
0.190476190476 0.190476190476 0.047619047619 0.190476190476 0.190476190476 0.190476190476
0.484848484848 0.121212121212 0.030303030303 0.121212121212 0.121212121212 0.121212121212
0.231884057971 0.231884057971 0.0144927536232 0.231884057971 0.0579710144928 0.231884057971
0.222222222222 0.222222222222 0.0555555555556 0.222222222222 0.0555555555556 0.222222222222
0.484848484848 0.121212121212 0.030303030303 0.121212121212 0.121212121212 0.121212121212
0.496124031008 0.124031007752 0.0077519379845 0.124031007752 0.124031007752 0.124031007752
0.361581920904 0.361581920904 0.00564971751412 0.090395480226 0.090395480226 0.090395480226
0.363120567376 0.363120567376 0.00141843971631 0.090780141844 0.090780141844 0.090780141844
0.695179904956 0.173794976239 0.000678886625933 0.0434487440597 0.0434487440597 0.0434487440597
0.693766937669 0.173441734417 0.00271002710027 0.0433604336043 0.0433604336043 0.0433604336043
0.389649923896 0.389649923896 0.00152207001522 0.0974124809741 0.0243531202435 0.0974124809741
0.615015015015 0.153753753754 0.000600600600601 0.153753753754 0.0384384384384 0.0384384384384
0.744050862852 0.186012715713 0.000181653042688 0.0465031789282 0.0116257947321 0.0116257947321
0.633565351895 0.158391337974 0.00015467904099 0.158391337974 0.0395978344934 0.00989945862336
0.397476952935 0.397476952935 9.70402717128e-05 0.0993692382339 0.0993692382339 0.00621057738962
0.1812950914 0.7251803656 4.42614969238e-05 0.04532377285 0.04532377285 0.00283273580312
0.141588025856 0.566352103426 3.45673891251e-05 0.141588025856 0.141588025856 0.00884925161603
0.306214372489 0.306214372489 1.86898420708e-05 0.0765535931221 0.306214372489 0.00478459957013
0.249023452343 0.249023452343 1.51991853237e-05 0.249023452343 0.249023452343 0.00389099144286
0.306218664872 0.306218664872 4.67252601429e-06 0.306218664872 0.0765546662181 0.00478466663863
0.638402435312 0.159600608828 2.43531202435e-06 0.159600608828 0.039900152207 0.00249375951294
0.570154661934 0.142538665483 2.17496742986e-06 0.142538665483 0.142538665483 0.00222716664818
0.166666666667 0.166666666667 0.166666666667 0.166666666667 0.166666666667 0.166666666667
0.0555555555556 0.222222222222 0.222222222222 0.222222222222 0.0555555555556 0.222222222222
0.0555555555556 0.222222222222 0.222222222222 0.222222222222 0.0555555555556 0.222222222222
0.0833333333333 0.0833333333333 0.333333333333 0.333333333333 0.0833333333333 0.0833333333333
0.266666666667 0.0666666666667 0.266666666667 0.266666666667 0.0666666666667 0.0666666666667
0.222222222222 0.222222222222 0.222222222222 0.222222222222 0.0555555555556 0.0555555555556
0.0888888888889 0.355555555556 0.0888888888889 0.355555555556 0.0888888888889 0.0222222222222
0.222222222222 0.222222222222 0.0555555555556 0.222222222222 0.222222222222 0.0555555555556
0.190476190476 0.190476190476 0.190476190476 0.190476190476 0.190476190476 0.047619047619
0.280701754386 0.0701754385965 0.0701754385965 0.280701754386 0.280701754386 0.0175438596491
0.166666666667 0.166666666667 0.166666666667 0.166666666667 0.166666666667 0.166666666667
0.0666666666667 0.266666666667 0.0666666666667 0.266666666667 0.0666666666667 0.266666666667
0.0666666666667 0.266666666667 0.0666666666667 0.266666666667 0.0666666666667 0.266666666667
0.121212121212 0.121212121212 0.030303030303 0.484848484848 0.121212121212 0.121212121212
0.121212121212 0.121212121212 0.030303030303 0.484848484848 0.121212121212 0.121212121212
0.222222222222 0.222222222222 0.0555555555556 0.222222222222 0.0555555555556 0.222222222222
0.190476190476 0.190476190476 0.190476190476 0.190476190476 0.047619047619 0.190476190476
0.444444444444 0.111111111111 0.111111111111 0.111111111111 0.111111111111 0.111111111111
0.484848484848 0.121212121212 0.030303030303 0.121212121212 0.121212121212 0.121212121212
0.333333333333 0.333333333333 0.0833333333333 0.0833333333333 0.0833333333333 0.0833333333333
0.355555555556 0.355555555556 0.0222222222222 0.0888888888889 0.0888888888889 0.0888888888889
0.688172043011 0.172043010753 0.010752688172 0.0430107526882 0.0430107526882 0.0430107526882
0.666666666667 0.166666666667 0.0416666666667 0.0416666666667 0.0416666666667 0.0416666666667
0.380952380952 0.380952380952 0.0238095238095 0.0952380952381 0.0238095238095 0.0952380952381
0.609523809524 0.152380952381 0.00952380952381 0.152380952381 0.0380952380952 0.0380952380952
0.742028985507 0.185507246377 0.00289855072464 0.0463768115942 0.0115942028986 0.0115942028986
0.632098765432 0.158024691358 0.00246913580247 0.158024691358 0.0395061728395 0.00987654320988
0.323232323232 0.323232323232 0.00505050505051 0.323232323232 0.020202020202 0.00505050505051
0.65641025641 0.164102564103 0.0025641025641 0.164102564103 0.0102564102564 0.0025641025641
0.325699745547 0.325699745547 0.00127226463104 0.325699745547 0.0203562340967 0.00127226463104
0.164736164736 0.658944658945 0.000643500643501 0.164736164736 0.010296010296 0.000643500643501
0.047433759496 0.758940151936 0.000185288123031 0.189735037984 0.0029646099685 0.000741152492125
0.164815708997 0.659262835989 0.000160952840818 0.164815708997 0.0103009818123 0.000643811363271
0.0470220875235 0.752353400377 4.59200073472e-05 0.188088350094 0.0117555218809 0.000734720117555
0.164835607067 0.659342428267 4.02430681315e-05 0.164835607067 0.0103022254417 0.000643889090104
0.189873564417 0.759494257669 1.1588962672e-05 0.0474683911043 0.00296677444402 0.000185423402751
0.16492022749 0.65968090996 1.00659318536e-05 0.16492022749 0.0103075142181 0.000161054909658
0.0553595804782 0.885753287651 1.35155225777e-05 0.0553595804782 0.00345997377989 5.40620903107e-05
0.014440178669 0.924171434816 3.52543424536e-06 0.057760714676 0.00361004466725 1.41017369815e-05
0.0470577422394 0.75292387583 1.14887066014e-05 0.188230968958 0.0117644355598 1.14887066014e-05
0.0470577422394 0.75292387583 1.14887066014e-05 0.188230968958 0.0117644355598 1.14887066014e-05
0.166666666667 0.166666666667 0.166666666667 0.166666666667 0.166666666667 0.166666666667
0.190476190476 0.190476190476 0.047619047619 0.190476190476 0.190476190476 0.190476190476
0.190476190476 0.190476190476 0.047619047619 0.190476190476 0.190476190476 0.190476190476
0.355555555556 0.0888888888889 0.0222222222222 0.0888888888889 0.355555555556 0.0888888888889
0.355555555556 0.0888888888889 0.0222222222222 0.0888888888889 0.355555555556 0.0888888888889
0.190476190476 0.190476190476 0.047619047619 0.190476190476 0.190476190476 0.190476190476
0.355555555556 0.0888888888889 0.0222222222222 0.0888888888889 0.355555555556 0.0888888888889
0.387878787879 0.0969696969697 0.00606060606061 0.0969696969697 0.387878787879 0.0242424242424
0.158024691358 0.158024691358 0.00246913580247 0.0395061728395 0.632098765432 0.00987654320988
0.0992248062016 0.396899224806 0.0015503875969 0.0992248062016 0.396899224806 0.0062015503876
0.0761904761905 0.304761904762 0.0047619047619 0.304761904762 0.304761904762 0.0047619047619
0.248062015504 0.248062015504 0.00387596899225 0.248062015504 0.248062015504 0.00387596899225
0.0767386091127 0.306954436451 0.00119904076739 0.306954436451 0.306954436451 0.00119904076739
0.0764635603345 0.305854241338 0.00119474313023 0.305854241338 0.305854241338 0.00477897252091
0.0268343815514 0.429350104822 0.00041928721174 0.429350104822 0.107337526205 0.00670859538784
0.0268006700168 0.428810720268 0.00167504187605 0.428810720268 0.107202680067 0.00670016750419
0.0398753894081 0.159501557632 0.000623052959502 0.63800623053 0.159501557632 0.00249221183801
0.142459654981 0.142459654981 0.000556483027268 0.569838619922 0.142459654981 0.00222593210907
0.0453177553549 0.18127102142 0.000177022481855 0.725084085679 0.0453177553549 0.00283235970968
0.0453177553549 0.18127102142 0.000177022481855 0.725084085679 0.0453177553549 0.00283235970968
0.0395978344934 0.158391337974 0.00015467904099 0.633565351895 0.158391337974 0.00989945862336
0.166666666667 0.166666666667 0.166666666667 0.166666666667 0.166666666667 0.166666666667
0.166666666667 0.166666666667 0.166666666667 0.166666666667 0.166666666667 0.166666666667
0.047619047619 0.190476190476 0.190476190476 0.190476190476 0.190476190476 0.190476190476
0.047619047619 0.190476190476 0.190476190476 0.190476190476 0.190476190476 0.190476190476
0.0833333333333 0.0833333333333 0.0833333333333 0.333333333333 0.333333333333 0.0833333333333
0.0833333333333 0.0833333333333 0.0833333333333 0.333333333333 0.333333333333 0.0833333333333
0.111111111111 0.111111111111 0.111111111111 0.111111111111 0.444444444444 0.111111111111
0.0555555555556 0.222222222222 0.222222222222 0.222222222222 0.222222222222 0.0555555555556
0.047619047619 0.190476190476 0.190476190476 0.190476190476 0.190476190476 0.190476190476
0.030303030303 0.121212121212 0.121212121212 0.121212121212 0.484848484848 0.121212121212
0.111111111111 0.111111111111 0.111111111111 0.111111111111 0.444444444444 0.111111111111
0.0333333333333 0.133333333333 0.0333333333333 0.133333333333 0.533333333333 0.133333333333
0.166666666667 0.166666666667 0.166666666667 0.166666666667 0.166666666667 0.166666666667
0.222222222222 0.0555555555556 0.0555555555556 0.222222222222 0.222222222222 0.222222222222
0.222222222222 0.0555555555556 0.0555555555556 0.222222222222 0.222222222222 0.222222222222
0.190476190476 0.047619047619 0.190476190476 0.190476190476 0.190476190476 0.190476190476
0.121212121212 0.030303030303 0.121212121212 0.121212121212 0.484848484848 0.121212121212
0.355555555556 0.0222222222222 0.0888888888889 0.0888888888889 0.355555555556 0.0888888888889
0.222222222222 0.0555555555556 0.0555555555556 0.222222222222 0.222222222222 0.222222222222
0.231884057971 0.0579710144928 0.0144927536232 0.231884057971 0.231884057971 0.231884057971
0.547008547009 0.034188034188 0.00854700854701 0.136752136752 0.136752136752 0.136752136752
0.632098765432 0.00987654320988 0.00246913580247 0.158024691358 0.158024691358 0.0395061728395
0.613908872902 0.0383693045564 0.00239808153477 0.153477218225 0.153477218225 0.0383693045564
0.301531213192 0.075382803298 0.00117785630153 0.301531213192 0.301531213192 0.0188457008245
0.300469483568 0.075117370892 0.00469483568075 0.300469483568 0.300469483568 0.018779342723
0.428810720268 0.0268006700168 0.00167504187605 0.107202680067 0.428810720268 0.00670016750419
0.304761904762 0.0761904761905 0.0047619047619 0.304761904762 0.304761904762 0.0047619047619
0.0987654320988 0.0987654320988 0.00617283950617 0.395061728395 0.395061728395 0.00617283950617
0.1592039801 0.0398009950249 0.00248756218905 0.1592039801 0.636815920398 0.00248756218905
0.1592039801 0.0398009950249 0.00248756218905 0.1592039801 0.636815920398 0.00248756218905
0.158024691358 0.0395061728395 0.00987654320988 0.158024691358 0.632098765432 0.00246913580247
0.0987654320988 0.0987654320988 0.00617283950617 0.395061728395 0.395061728395 0.00617283950617
0.107744107744 0.026936026936 0.0016835016835 0.430976430976 0.430976430976 0.0016835016835
0.0987654320988 0.0987654320988 0.00617283950617 0.395061728395 0.395061728395 0.00617283950617
0.107744107744 0.026936026936 0.0016835016835 0.430976430976 0.430976430976 0.0016835016835
0.325699745547 0.0203562340967 0.00127226463104 0.325699745547 0.325699745547 0.00127226463104
0.108016877637 0.0270042194093 0.00042194092827 0.432067510549 0.432067510549 0.00042194092827
0.326322498407 0.0203951561504 0.00031867431485 0.326322498407 0.326322498407 0.00031867431485
0.108051071014 0.0270127677535 0.000105518624037 0.432204284056 0.432204284056 0.000422074496149
0.0999511957052 0.0999511957052 9.76085895559e-05 0.399804782821 0.399804782821 0.000390434358224
0.159968756102 0.0399921890256 3.90548720953e-05 0.159968756102 0.639875024409 0.000156219488381
0.0999585133123 0.0999585133123 2.44039339141e-05 0.399834053249 0.399834053249 0.000390462942626
0.0999585133123 0.0999585133123 2.44039339141e-05 0.399834053249 0.399834053249 0.000390462942626
0.249740869459 0.249740869459 6.09718919578e-05 0.249740869459 0.249740869459 0.000975550271325
0.142534015381 0.142534015381 3.47983435988e-05 0.142534015381 0.570136061523 0.00222709399033
0.166666666667 0.166666666667 0.166666666667 0.166666666667 0.166666666667 0.166666666667
0.166666666667 0.166666666667 0.166666666667 0.166666666667 0.166666666667 0.166666666667
0.0555555555556 0.222222222222 0.222222222222 0.222222222222 0.0555555555556 0.222222222222
0.0555555555556 0.222222222222 0.222222222222 0.222222222222 0.0555555555556 0.222222222222
0.0833333333333 0.0833333333333 0.333333333333 0.333333333333 0.0833333333333 0.0833333333333
0.266666666667 0.0666666666667 0.266666666667 0.266666666667 0.0666666666667 0.0666666666667
0.222222222222 0.222222222222 0.222222222222 0.222222222222 0.0555555555556 0.0555555555556
0.0888888888889 0.355555555556 0.0888888888889 0.355555555556 0.0888888888889 0.0222222222222
0.222222222222 0.222222222222 0.0555555555556 0.222222222222 0.222222222222 0.0555555555556
0.190476190476 0.190476190476 0.190476190476 0.190476190476 0.190476190476 0.047619047619
0.280701754386 0.0701754385965 0.0701754385965 0.280701754386 0.280701754386 0.0175438596491
0.166666666667 0.166666666667 0.166666666667 0.166666666667 0.166666666667 0.166666666667
