Price Resolution OpticalZoom DigitalZoom Weight StorageIncluded
0.166666666667 0.166666666667 0.166666666667 0.166666666667 0.166666666667 0.166666666667
0.0666666666667 0.266666666667 0.0666666666667 0.266666666667 0.0666666666667 0.266666666667
0.190476190476 0.190476190476 0.047619047619 0.190476190476 0.190476190476 0.190476190476
0.121212121212 0.121212121212 0.030303030303 0.121212121212 0.484848484848 0.121212121212
0.355555555556 0.0888888888889 0.0222222222222 0.0888888888889 0.355555555556 0.0888888888889
0.124031007752 0.124031007752 0.0077519379845 0.124031007752 0.496124031008 0.124031007752
0.124031007752 0.124031007752 0.0077519379845 0.124031007752 0.496124031008 0.124031007752
0.153477218225 0.0383693045564 0.00239808153477 0.153477218225 0.613908872902 0.0383693045564
0.0540084388186 0.0135021097046 0.00084388185654 0.0540084388186 0.864135021097 0.0135021097046
0.179649122807 0.0449122807018 0.000701754385965 0.0449122807018 0.718596491228 0.0112280701754
0.397361272798 0.0993403181995 0.000388048117967 0.0993403181995 0.397361272798 0.00620876988747
0.638304503662 0.0398940314789 0.000155836060464 0.159576125916 0.159576125916 0.00249337696743
0.39933703812 0.0998342595301 9.74943940723e-05 0.0998342595301 0.39933703812 0.00155991030516
0.307299872459 0.307299872459 7.50243829245e-05 0.0768249681146 0.307299872459 0.00120039012679
0.142534015381 0.142534015381 3.47983435988e-05 0.142534015381 0.570136061523 0.00222709399033
0.181687126429 0.0454217816073 1.10893021502e-05 0.0454217816073 0.726748505717 0.000709715337614
0.470368695677 0.0293980434798 7.17725670894e-06 0.0293980434798 0.470368695677 0.000459344429372
0.432247043537 0.108061760884 6.59556646023e-06 0.0270154402211 0.432247043537 0.000422116253454
0.326424896274 0.326424896274 4.98084863699e-06 0.0204015560171 0.326424896274 0.000318774312767
0.639898453615 0.159974613404 2.44101888128e-06 0.0399936533509 0.159974613404 0.000156225208402
0.432386070302 0.108096517575 1.64942196007e-06 0.0270241293939 0.432386070302 0.000105563005445
0.307599518906 0.307599518906 1.17339904368e-06 0.0768998797266 0.307599518906 0.000300390155182
0.142777390167 0.571109560667 5.44652519862e-07 0.142777390167 0.142777390167 0.000557724180339
0.142777390167 0.571109560667 5.44652519862e-07 0.142777390167 0.142777390167 0.000557724180339
0.0526207182837 0.84193149254 8.02928440609e-07 0.0526207182837 0.0526207182837 0.000205549680796
0.142777390167 0.571109560667 5.44652519862e-07 0.142777390167 0.142777390167 0.000557724180339
0.399843658543 0.399843658543 3.8132062773e-07 0.0999609146357 0.0999609146357 0.000390472322796
0.399843658543 0.399843658543 3.8132062773e-07 0.0999609146357 0.0999609146357 0.000390472322796
0.249938920166 0.249938920166 2.38360328832e-07 0.249938920166 0.249938920166 0.000244080976724
0.249938920166 0.249938920166 2.38360328832e-07 0.249938920166 0.249938920166 0.000244080976724
0.14277744849 0.571109793959 1.36163185587e-07 0.14277744849 0.14277744849 0.000557724408163
0.249938964847 0.249938964847 5.9590092861e-08 0.249938964847 0.249938964847 0.000244081020359
0.14277744849 0.571109793959 1.36163185587e-07 0.14277744849 0.14277744849 0.000557724408163
0.166666666667 0.166666666667 0.166666666667 0.166666666667 0.166666666667 0.166666666667
0.190476190476 0.190476190476 0.047619047619 0.190476190476 0.190476190476 0.190476190476
0.190476190476 0.190476190476 0.047619047619 0.190476190476 0.190476190476 0.190476190476
0.190476190476 0.190476190476 0.047619047619 0.190476190476 0.190476190476 0.190476190476
0.121212121212 0.121212121212 0.030303030303 0.484848484848 0.121212121212 0.121212121212
0.280701754386 0.280701754386 0.0175438596491 0.280701754386 0.0701754385965 0.0701754385965
0.296296296296 0.296296296296 0.0185185185185 0.296296296296 0.0740740740741 0.0185185185185
0.296296296296 0.296296296296 0.0185185185185 0.296296296296 0.0740740740741 0.0185185185185
0.231884057971 0.231884057971 0.0144927536232 0.231884057971 0.231884057971 0.0579710144928
0.245210727969 0.245210727969 0.00383141762452 0.245210727969 0.245210727969 0.0153256704981
0.245210727969 0.245210727969 0.00383141762452 0.245210727969 0.245210727969 0.0153256704981
0.136752136752 0.547008547009 0.00854700854701 0.136752136752 0.136752136752 0.034188034188
0.245210727969 0.245210727969 0.00383141762452 0.245210727969 0.245210727969 0.0153256704981
0.304761904762 0.0761904761905 0.0047619047619 0.304761904762 0.304761904762 0.0047619047619
0.142222222222 0.142222222222 0.00222222222222 0.142222222222 0.568888888889 0.00222222222222
0.0996884735202 0.398753894081 0.00155763239875 0.0996884735202 0.398753894081 0.00155763239875
0.249512670565 0.249512670565 0.000974658869396 0.249512670565 0.249512670565 0.000974658869396
0.307507507508 0.307507507508 0.0003003003003 0.307507507508 0.0768768768769 0.0003003003003
0.15987509758 0.63950039032 0.00015612802498 0.15987509758 0.039968774395 0.000624512099922
0.15987509758 0.63950039032 0.00015612802498 0.15987509758 0.039968774395 0.000624512099922
0.307576781557 0.307576781557 7.50919876849e-05 0.307576781557 0.0768941953894 0.00030036795074
0.249923729331 0.249923729331 6.10165354811e-05 0.249923729331 0.249923729331 0.000244066141924
0.307594104947 0.307594104947 1.8774054257e-05 0.307594104947 0.0768985262367 0.000300384868112
0.307667751128 0.307667751128 4.69463731579e-06 0.307667751128 0.076916937782 7.51141970527e-05
0.159993359651 0.639973438602 2.44130492631e-06 0.159993359651 0.0399983399127 3.90608788209e-05
0.142850915051 0.571403660206 8.71892792062e-06 0.142850915051 0.142850915051 3.48757116825e-05
0.159998046899 0.639992187595 2.44137644804e-06 0.0399995117247 0.159998046899 9.76550579217e-06
0.0526313676076 0.842101881722 8.03090936396e-07 0.0526313676076 0.0526313676076 3.21236374558e-06
0.0526308603992 0.842093766388 8.0308319701e-07 0.0526308603992 0.0526308603992 1.28493311522e-05
0.181816038047 0.727264152187 6.93573143183e-07 0.0454540095117 0.0454540095117 1.10971702909e-05
0.195121333971 0.780485335885 1.86082204791e-07 0.0121950833732 0.0121950833732 2.97731527666e-06
0.188234719671 0.752938878683 1.79514617606e-07 0.0117646699794 0.0470586799177 2.8722338817e-06
0.0571426547311 0.914282475697 5.44954821883e-08 0.0142856636828 0.0142856636828 3.48771086005e-06
0.0152671604569 0.977098269242 5.82395952488e-08 0.00381679011422 0.00381679011422 9.31833523981e-07
0.0577615260321 0.924184416513 5.50856838532e-08 0.00361009537701 0.014440381508 3.52548376661e-06
0.166666666667 0.166666666667 0.166666666667 0.166666666667 0.166666666667 0.166666666667
0.0833333333333 0.333333333333 0.0833333333333 0.0833333333333 0.0833333333333 0.333333333333
0.222222222222 0.222222222222 0.0555555555556 0.0555555555556 0.222222222222 0.222222222222
0.133333333333 0.133333333333 0.0333333333333 0.0333333333333 0.533333333333 0.133333333333
0.380952380952 0.0952380952381 0.0238095238095 0.0238095238095 0.380952380952 0.0952380952381
0.136752136752 0.136752136752 0.00854700854701 0.034188034188 0.547008547009 0.136752136752
0.136752136752 0.136752136752 0.00854700854701 0.034188034188 0.547008547009 0.136752136752
0.0512820512821 0.0512820512821 0.0128205128205 0.0128205128205 0.820512820513 0.0512820512821
0.0538720538721 0.0538720538721 0.003367003367 0.013468013468 0.861952861953 0.013468013468
0.0448179271709 0.179271708683 0.00280112044818 0.0112044817927 0.717086834734 0.0448179271709
0.0392156862745 0.156862745098 0.00980392156863 0.00980392156863 0.627450980392 0.156862745098
0.166666666667 0.166666666667 0.166666666667 0.166666666667 0.166666666667 0.166666666667
0.0666666666667 0.266666666667 0.266666666667 0.0666666666667 0.0666666666667 0.266666666667
0.0666666666667 0.266666666667 0.266666666667 0.0666666666667 0.0666666666667 0.266666666667
0.0555555555556 0.222222222222 0.222222222222 0.0555555555556 0.222222222222 0.222222222222
0.0833333333333 0.333333333333 0.333333333333 0.0833333333333 0.0833333333333 0.0833333333333
0.037037037037 0.592592592593 0.148148148148 0.037037037037 0.037037037037 0.148148148148
0.0333333333333 0.533333333333 0.133333333333 0.0333333333333 0.133333333333 0.133333333333
0.121212121212 0.484848484848 0.121212121212 0.030303030303 0.121212121212 0.121212121212
0.121212121212 0.484848484848 0.121212121212 0.030303030303 0.121212121212 0.121212121212
0.133333333333 0.533333333333 0.0333333333333 0.0333333333333 0.133333333333 0.133333333333
0.0444444444444 0.711111111111 0.0111111111111 0.0111111111111 0.0444444444444 0.177777777778
0.0444444444444 0.711111111111 0.0111111111111 0.0111111111111 0.0444444444444 0.177777777778
0.136752136752 0.547008547009 0.00854700854701 0.034188034188 0.136752136752 0.136752136752
0.0498442367601 0.797507788162 0.00311526479751 0.0498442367601 0.0498442367601 0.0498442367601
0.0498442367601 0.797507788162 0.00311526479751 0.0498442367601 0.0498442367601 0.0498442367601
0.0433604336043 0.693766937669 0.00271002710027 0.0433604336043 0.173441734417 0.0433604336043
0.0434487440597 0.695179904956 0.000678886625933 0.0434487440597 0.173794976239 0.0434487440597
0.0116257947321 0.744050862852 0.000181653042688 0.0465031789282 0.186012715713 0.0116257947321
0.0449359311919 0.71897489907 0.000175530981218 0.0449359311919 0.179743724767 0.011233982798
0.0524563290815 0.839301265304 5.12268838687e-05 0.0524563290815 0.0524563290815 0.00327852056759
0.0453177553549 0.725084085679 0.000177022481855 0.18127102142 0.0453177553549 0.00283235970968
0.0398940314789 0.638304503662 0.000155836060464 0.159576125916 0.159576125916 0.00249337696743
0.052585631387 0.841370102193 5.13531556514e-05 0.052585631387 0.052585631387 0.000821650490423
0.0136949660301 0.876477825924 5.34959610549e-05 0.0547798641203 0.0547798641203 0.00021398384422
0.0103022254417 0.659342428267 4.02430681315e-05 0.164835607067 0.164835607067 0.000643889090104
0.00689339472763 0.441177262568 2.69273231548e-05 0.110294315642 0.441177262568 0.000430837170477
0.0103075142181 0.65968090996 1.00659318536e-05 0.16492022749 0.16492022749 0.000161054909658
0.00689576220395 0.441328781053 6.7341427773e-06 0.441328781053 0.110332195263 0.000107746284437
0.00518082286038 0.331572663064 2.02375892984e-05 0.331572663064 0.331572663064 8.09503571935e-05
0.00173300839426 0.44365014893 2.70782561603e-05 0.44365014893 0.110912537233 2.70782561603e-05
0.000743451240053 0.761294069815 1.16164256258e-05 0.190323517454 0.0475808793634 4.64657025033e-05
0.000743451240053 0.761294069815 1.16164256258e-05 0.190323517454 0.0475808793634 4.64657025033e-05
0.000226381991313 0.927260636416 1.4148874457e-05 0.057953789776 0.014488447444 5.65954978281e-05
0.166666666667 0.166666666667 0.166666666667 0.166666666667 0.166666666667 0.166666666667
