Price Resolution OpticalZoom DigitalZoom Weight StorageIncluded
0.166666666667 0.166666666667 0.166666666667 0.166666666667 0.166666666667 0.166666666667
0.266666666667 0.0666666666667 0.266666666667 0.266666666667 0.0666666666667 0.0666666666667
0.533333333333 0.0333333333333 0.133333333333 0.133333333333 0.133333333333 0.0333333333333
0.627450980392 0.00980392156863 0.0392156862745 0.156862745098 0.156862745098 0.00980392156863
0.627450980392 0.00980392156863 0.0392156862745 0.156862745098 0.156862745098 0.00980392156863
0.561403508772 0.00877192982456 0.140350877193 0.140350877193 0.140350877193 0.00877192982456
0.723163841808 0.00282485875706 0.045197740113 0.180790960452 0.045197740113 0.00282485875706
0.751835535977 0.000734214390602 0.0117474302496 0.187958883994 0.0469897209985 0.000734214390602
0.758940151936 0.000741152492125 0.0029646099685 0.189735037984 0.047433759496 0.000185288123031
0.166666666667 0.166666666667 0.166666666667 0.166666666667 0.166666666667 0.166666666667
0.190476190476 0.190476190476 0.047619047619 0.190476190476 0.190476190476 0.190476190476
0.190476190476 0.190476190476 0.047619047619 0.190476190476 0.190476190476 0.190476190476
0.121212121212 0.121212121212 0.030303030303 0.121212121212 0.484848484848 0.121212121212
0.172043010753 0.0430107526882 0.010752688172 0.0430107526882 0.688172043011 0.0430107526882
0.418300653595 0.104575163399 0.00653594771242 0.0261437908497 0.418300653595 0.0261437908497
0.318407960199 0.318407960199 0.00497512437811 0.0199004975124 0.318407960199 0.0199004975124
0.632098765432 0.158024691358 0.00246913580247 0.0395061728395 0.158024691358 0.00987654320988
0.750183150183 0.0468864468864 0.000732600732601 0.0117216117216 0.187545787546 0.0029304029304
0.431521281079 0.10788032027 0.000421407501054 0.0269700800674 0.431521281079 0.00168563000421
0.166666666667 0.166666666667 0.166666666667 0.166666666667 0.166666666667 0.166666666667
0.266666666667 0.0666666666667 0.266666666667 0.266666666667 0.0666666666667 0.0666666666667
0.484848484848 0.121212121212 0.121212121212 0.121212121212 0.121212121212 0.030303030303
0.280701754386 0.280701754386 0.0701754385965 0.0701754385965 0.280701754386 0.0175438596491
0.166666666667 0.166666666667 0.166666666667 0.166666666667 0.166666666667 0.166666666667
0.190476190476 0.190476190476 0.047619047619 0.190476190476 0.190476190476 0.190476190476
0.190476190476 0.190476190476 0.047619047619 0.190476190476 0.190476190476 0.190476190476
0.355555555556 0.0888888888889 0.0222222222222 0.0888888888889 0.355555555556 0.0888888888889
0.136752136752 0.136752136752 0.00854700854701 0.136752136752 0.547008547009 0.034188034188
0.0444444444444 0.177777777778 0.0111111111111 0.0444444444444 0.711111111111 0.0111111111111
0.0444444444444 0.177777777778 0.0111111111111 0.0444444444444 0.711111111111 0.0111111111111
0.0463768115942 0.185507246377 0.0115942028986 0.0115942028986 0.742028985507 0.00289855072464
0.0551248923342 0.0551248923342 0.00344530577089 0.00344530577089 0.881998277347 0.000861326442722
0.166666666667 0.166666666667 0.166666666667 0.166666666667 0.166666666667 0.166666666667
0.0666666666667 0.266666666667 0.266666666667 0.266666666667 0.0666666666667 0.0666666666667
0.121212121212 0.484848484848 0.121212121212 0.121212121212 0.121212121212 0.030303030303
0.0430107526882 0.688172043011 0.0430107526882 0.0430107526882 0.172043010753 0.010752688172
