Price Resolution OpticalZoom DigitalZoom Weight StorageIncluded
0.166666666667 0.166666666667 0.166666666667 0.166666666667 0.166666666667 0.166666666667
0.0833333333333 0.0833333333333 0.0833333333333 0.333333333333 0.333333333333 0.0833333333333
0.148148148148 0.037037037037 0.037037037037 0.148148148148 0.592592592593 0.037037037037
0.133333333333 0.133333333333 0.0333333333333 0.133333333333 0.533333333333 0.0333333333333
0.152380952381 0.152380952381 0.0380952380952 0.0380952380952 0.609523809524 0.00952380952381
0.136752136752 0.136752136752 0.034188034188 0.136752136752 0.547008547009 0.00854700854701
0.361581920904 0.090395480226 0.090395480226 0.090395480226 0.361581920904 0.00564971751412
0.173441734417 0.0433604336043 0.0433604336043 0.0433604336043 0.693766937669 0.00271002710027
0.0519059205191 0.0129764801298 0.0519059205191 0.0519059205191 0.830494728305 0.00081103000811
0.054042643023 0.0135106607558 0.0135106607558 0.054042643023 0.864682288368 0.000211104074309
0.166666666667 0.166666666667 0.166666666667 0.166666666667 0.166666666667 0.166666666667
0.166666666667 0.166666666667 0.166666666667 0.166666666667 0.166666666667 0.166666666667
0.166666666667 0.166666666667 0.166666666667 0.166666666667 0.166666666667 0.166666666667
0.0666666666667 0.266666666667 0.266666666667 0.266666666667 0.0666666666667 0.0666666666667
0.0333333333333 0.533333333333 0.133333333333 0.133333333333 0.133333333333 0.0333333333333
0.0888888888889 0.355555555556 0.0888888888889 0.0888888888889 0.355555555556 0.0222222222222
0.152380952381 0.152380952381 0.0380952380952 0.0380952380952 0.609523809524 0.00952380952381
0.136752136752 0.136752136752 0.034188034188 0.136752136752 0.547008547009 0.00854700854701
0.361581920904 0.090395480226 0.090395480226 0.090395480226 0.361581920904 0.00564971751412
0.153477218225 0.153477218225 0.0383693045564 0.0383693045564 0.613908872902 0.00239808153477
0.420361247947 0.105090311987 0.0262725779967 0.0262725779967 0.420361247947 0.00164203612479
0.301531213192 0.301531213192 0.075382803298 0.0188457008245 0.301531213192 0.00117785630153
0.105219893136 0.420879572544 0.026304973284 0.026304973284 0.420879572544 0.000411015207563
0.163239279452 0.163239279452 0.0102024549657 0.0102024549657 0.652957117806 0.000159413358839
0.0473350899089 0.189340359636 0.00295844311931 0.00295844311931 0.757361438543 4.62256737392e-05
0.166666666667 0.166666666667 0.166666666667 0.166666666667 0.166666666667 0.166666666667
