Price Resolution OpticalZoom DigitalZoom Weight StorageIncluded
0.166666666667 0.166666666667 0.166666666667 0.166666666667 0.166666666667 0.166666666667
0.233333333333 0.233333333333 0.0333333333333 0.233333333333 0.0333333333333 0.233333333333
0.411111111111 0.0777777777778 0.0111111111111 0.0777777777778 0.344444444444 0.0777777777778
0.47037037037 0.0259259259259 0.0037037037037 0.0259259259259 0.448148148148 0.0259259259259
0.235185185185 0.512962962963 0.00185185185185 0.012962962963 0.224074074074 0.012962962963
0.0587962962963 0.378240740741 0.000462962962963 0.253240740741 0.306018518519 0.00324074074074
0.529398148148 0.18912037037 0.000231481481481 0.12662037037 0.153009259259 0.00162037037037
0.382349537037 0.0472800925926 5.78703703704e-05 0.281655092593 0.288252314815 0.000405092592593
0.382349537037 0.0472800925926 5.78703703704e-05 0.281655092593 0.288252314815 0.000405092592593
0.276469907407 0.209456018519 1.15740740741e-05 0.256331018519 0.257650462963 8.10185185185e-05
0.166666666667 0.166666666667 0.166666666667 0.166666666667 0.166666666667 0.166666666667
0.0416666666667 0.291666666667 0.291666666667 0.291666666667 0.0416666666667 0.0416666666667
0.0138888888889 0.430555555556 0.0972222222222 0.0972222222222 0.347222222222 0.0138888888889
0.337962962963 0.143518518519 0.0324074074074 0.0324074074074 0.449074074074 0.00462962962963
0.267592592593 0.228703703704 0.206481481481 0.00648148148148 0.289814814815 0.000925925925926
0.0891975308642 0.409567901235 0.0688271604938 0.33549382716 0.0966049382716 0.000308641975309
0.363065843621 0.136522633745 0.0229423868313 0.11183127572 0.365534979424 0.000102880658436
0.121021947874 0.378840877915 0.00764746227709 0.0372770919067 0.455178326475 3.42935528121e-05
0.0403406492913 0.126280292638 0.00254915409236 0.345759030636 0.485059442158 1.14311842707e-05
0.34678021643 0.0420934308794 0.000849718030788 0.115253010212 0.495019814053 3.8103947569e-06
0.115593405477 0.34736447696 0.000283239343596 0.0384176700706 0.498339938018 1.27013158563e-06
0.166666666667 0.166666666667 0.166666666667 0.166666666667 0.166666666667 0.166666666667
0.194444444444 0.194444444444 0.0277777777778 0.194444444444 0.194444444444 0.194444444444
0.0972222222222 0.0972222222222 0.513888888889 0.0972222222222 0.0972222222222 0.0972222222222
0.548611111111 0.0486111111111 0.256944444444 0.0486111111111 0.0486111111111 0.0486111111111
0.516203703704 0.0162037037037 0.0856481481481 0.0162037037037 0.349537037037 0.0162037037037
0.258101851852 0.508101851852 0.0428240740741 0.00810185185185 0.174768518519 0.00810185185185
0.064525462963 0.377025462963 0.0107060185185 0.252025462963 0.29369212963 0.00202546296296
0.266131365741 0.344256365741 0.00267650462963 0.0630063657407 0.323423032407 0.000506365740741
0.42204378858 0.114752121914 0.000892168209877 0.0210021219136 0.441141010802 0.000168788580247
0.21102189429 0.0573760609568 0.000446084104938 0.510501060957 0.220570505401 8.43942901235e-05
0.242204378858 0.211475212191 8.92168209877e-05 0.302100212191 0.24411410108 1.68788580247e-05
0.414068126286 0.40382507073 2.97389403292e-05 0.10070007073 0.0813713670267 5.62628600823e-06
0.707034063143 0.201912535365 1.48694701646e-05 0.0503500353652 0.0406856835134 2.81314300412e-06
0.853517031572 0.100956267683 7.4347350823e-06 0.0251750176826 0.0203428417567 1.40657150206e-06
0.284505677191 0.0336520892275 2.47824502743e-06 0.341725005894 0.340114280586 4.68857167353e-07
0.0948352257302 0.344550696409 8.26081675812e-07 0.113908335298 0.446704760195 1.56285722451e-07
0.0237088064325 0.336137674102 2.06520418953e-07 0.278477083825 0.361676190049 3.90714306127e-08
0.511854403216 0.168068837051 1.03260209476e-07 0.139238541912 0.180838095024 1.95357153064e-08
0.255927201608 0.0840344185256 5.16301047382e-08 0.0696192709561 0.590419047512 9.76785765318e-09
0.0853090672027 0.361344806175 1.72100349127e-08 0.023206423652 0.530139682504 3.25595255106e-09
0.166666666667 0.166666666667 0.166666666667 0.166666666667 0.166666666667 0.166666666667
0.233333333333 0.0333333333333 0.0333333333333 0.233333333333 0.233333333333 0.233333333333
0.411111111111 0.0111111111111 0.0111111111111 0.0777777777778 0.411111111111 0.0777777777778
0.205555555556 0.505555555556 0.00555555555556 0.0388888888889 0.205555555556 0.0388888888889
0.301388888889 0.376388888889 0.251388888889 0.00972222222222 0.0513888888889 0.00972222222222
0.433796296296 0.125462962963 0.0837962962963 0.00324074074074 0.350462962963 0.00324074074074
0.216898148148 0.0627314814815 0.0418981481481 0.50162037037 0.175231481481 0.00162037037037
0.304224537037 0.0156828703704 0.260474537037 0.125405092593 0.29380787037 0.000405092592593
0.152112268519 0.00784143518519 0.130237268519 0.0627025462963 0.646903935185 0.000202546296296
0.0380280671296 0.251960358796 0.0325593171296 0.265675636574 0.411725983796 5.06365740741e-05
0.166666666667 0.166666666667 0.166666666667 0.166666666667 0.166666666667 0.166666666667
