Price Resolution OpticalZoom DigitalZoom Weight StorageIncluded
0.166666666667 0.166666666667 0.166666666667 0.166666666667 0.166666666667 0.166666666667
0.0666666666667 0.266666666667 0.266666666667 0.266666666667 0.0666666666667 0.0666666666667
0.0333333333333 0.533333333333 0.133333333333 0.133333333333 0.133333333333 0.0333333333333
0.0888888888889 0.355555555556 0.0888888888889 0.0888888888889 0.355555555556 0.0222222222222
0.0430107526882 0.172043010753 0.0430107526882 0.0430107526882 0.688172043011 0.010752688172
0.152380952381 0.152380952381 0.0380952380952 0.0380952380952 0.609523809524 0.00952380952381
0.152380952381 0.152380952381 0.0380952380952 0.0380952380952 0.609523809524 0.00952380952381
0.0969696969697 0.387878787879 0.0969696969697 0.0242424242424 0.387878787879 0.00606060606061
0.0448179271709 0.179271708683 0.0448179271709 0.0112044817927 0.717086834734 0.00280112044818
0.166666666667 0.166666666667 0.166666666667 0.166666666667 0.166666666667 0.166666666667
0.266666666667 0.0666666666667 0.266666666667 0.266666666667 0.0666666666667 0.0666666666667
0.533333333333 0.0333333333333 0.133333333333 0.133333333333 0.133333333333 0.0333333333333
0.711111111111 0.0111111111111 0.0444444444444 0.0444444444444 0.177777777778 0.0111111111111
0.463768115942 0.00724637681159 0.0289855072464 0.0289855072464 0.463768115942 0.00724637681159
0.426666666667 0.00666666666667 0.0266666666667 0.106666666667 0.426666666667 0.00666666666667
0.430976430976 0.0016835016835 0.026936026936 0.107744107744 0.430976430976 0.0016835016835
0.187545787546 0.0029304029304 0.0117216117216 0.0468864468864 0.750183150183 0.000732600732601
0.179649122807 0.0112280701754 0.0449122807018 0.0449122807018 0.718596491228 0.000701754385965
0.194491927825 0.00303893637227 0.0121557454891 0.0121557454891 0.777967711301 0.000189933523267
0.166666666667 0.166666666667 0.166666666667 0.166666666667 0.166666666667 0.166666666667
0.266666666667 0.0666666666667 0.0666666666667 0.266666666667 0.0666666666667 0.266666666667
0.266666666667 0.0666666666667 0.0666666666667 0.266666666667 0.0666666666667 0.266666666667
0.484848484848 0.030303030303 0.121212121212 0.121212121212 0.121212121212 0.121212121212
0.688172043011 0.010752688172 0.0430107526882 0.0430107526882 0.172043010753 0.0430107526882
0.666666666667 0.0416666666667 0.0416666666667 0.0416666666667 0.166666666667 0.0416666666667
0.761904761905 0.0119047619048 0.0119047619048 0.0119047619048 0.190476190476 0.0119047619048
0.474074074074 0.00740740740741 0.00740740740741 0.0296296296296 0.474074074074 0.00740740740741
0.493256262042 0.0019267822736 0.0019267822736 0.00770712909441 0.493256262042 0.0019267822736
0.490421455939 0.00766283524904 0.00191570881226 0.00766283524904 0.490421455939 0.00191570881226
0.476722532588 0.0297951582868 0.00744878957169 0.00744878957169 0.476722532588 0.00186219739292
0.493970091655 0.0077182826821 0.00192957067053 0.00192957067053 0.493970091655 0.000482392667631
0.488316642823 0.00762994754411 0.00762994754411 0.00762994754411 0.488316642823 0.000476871721507
0.194491927825 0.0121557454891 0.00303893637227 0.0121557454891 0.777967711301 0.000189933523267
0.166666666667 0.166666666667 0.166666666667 0.166666666667 0.166666666667 0.166666666667
0.0833333333333 0.0833333333333 0.333333333333 0.333333333333 0.0833333333333 0.0833333333333
0.0555555555556 0.222222222222 0.222222222222 0.222222222222 0.222222222222 0.0555555555556
0.121212121212 0.121212121212 0.121212121212 0.121212121212 0.484848484848 0.030303030303
0.136752136752 0.136752136752 0.136752136752 0.034188034188 0.547008547009 0.00854700854701
0.0517799352751 0.0517799352751 0.0517799352751 0.0129449838188 0.828478964401 0.00323624595469
0.0433604336043 0.0433604336043 0.173441734417 0.0433604336043 0.693766937669 0.00271002710027
0.090780141844 0.090780141844 0.363120567376 0.090780141844 0.363120567376 0.00141843971631
0.153753753754 0.0384384384384 0.153753753754 0.0384384384384 0.615015015015 0.000600600600601
0.0519375126801 0.01298437817 0.0519375126801 0.0519375126801 0.831000202881 0.000202880908906
0.166666666667 0.166666666667 0.166666666667 0.166666666667 0.166666666667 0.166666666667
