Price Resolution OpticalZoom DigitalZoom Weight StorageIncluded
0.166666666667 0.166666666667 0.166666666667 0.166666666667 0.166666666667 0.166666666667
0.190476190476 0.190476190476 0.190476190476 0.190476190476 0.047619047619 0.190476190476
0.444444444444 0.111111111111 0.111111111111 0.111111111111 0.111111111111 0.111111111111
0.666666666667 0.0416666666667 0.0416666666667 0.0416666666667 0.166666666667 0.0416666666667
0.444444444444 0.0277777777778 0.0277777777778 0.0277777777778 0.444444444444 0.0277777777778
0.410256410256 0.025641025641 0.025641025641 0.102564102564 0.410256410256 0.025641025641
0.161616161616 0.010101010101 0.010101010101 0.161616161616 0.646464646465 0.010101010101
0.0544217687075 0.0136054421769 0.00340136054422 0.0544217687075 0.87074829932 0.00340136054422
0.187134502924 0.0116959064327 0.00292397660819 0.046783625731 0.748538011696 0.00292397660819
0.185507246377 0.0115942028986 0.0115942028986 0.0463768115942 0.742028985507 0.00289855072464
0.196168582375 0.00306513409962 0.00306513409962 0.0122605363985 0.784674329502 0.000766283524904
0.197188523012 0.000770267668015 0.000770267668015 0.0123242826882 0.788754092047 0.000192566917004
0.189735037984 0.0029646099685 0.000741152492125 0.047433759496 0.758940151936 0.000185288123031
0.187958883994 0.0117474302496 0.000734214390602 0.0469897209985 0.751835535977 0.000734214390602
0.196847366398 0.00307574009996 0.000192233756248 0.0123029603998 0.78738946559 0.000192233756248
0.480920511917 0.00751438299871 0.000117412234355 0.0300575319948 0.480920511917 0.000469648937419
0.483860488468 0.00189008003308 2.95325005168e-05 0.0302412805292 0.483860488468 0.000118130002067
0.481089969462 0.00751703077284 0.000117453605826 0.0300681230914 0.481089969462 0.000117453605826
0.470480128647 0.0294050080404 0.000114863312658 0.0294050080404 0.470480128647 0.000114863312658
0.195103362866 0.0121939601791 4.76326569496e-05 0.0121939601791 0.780413451462 4.76326569496e-05
0.195117303799 0.0121948314874 1.19090151244e-05 0.0121948314874 0.780469215196 1.19090151244e-05
0.0571418606679 0.014285465167 3.48766239428e-06 0.014285465167 0.914269770686 1.39506495771e-05
0.0583939004321 0.003649618777 8.91020209229e-07 0.003649618777 0.934302406913 3.56408083692e-06
0.166666666667 0.166666666667 0.166666666667 0.166666666667 0.166666666667 0.166666666667
0.190476190476 0.190476190476 0.047619047619 0.190476190476 0.190476190476 0.190476190476
0.484848484848 0.121212121212 0.030303030303 0.121212121212 0.121212121212 0.121212121212
0.688172043011 0.0430107526882 0.010752688172 0.0430107526882 0.172043010753 0.0430107526882
0.387878787879 0.0969696969697 0.00606060606061 0.0969696969697 0.387878787879 0.0242424242424
0.300469483568 0.300469483568 0.00469483568075 0.075117370892 0.300469483568 0.018779342723
0.156862745098 0.627450980392 0.00980392156863 0.0392156862745 0.156862745098 0.00980392156863
0.318407960199 0.318407960199 0.0199004975124 0.0199004975124 0.318407960199 0.00497512437811
0.437606837607 0.109401709402 0.00683760683761 0.00683760683761 0.437606837607 0.0017094017094
0.428810720268 0.107202680067 0.0268006700168 0.00670016750419 0.428810720268 0.00167504187605
0.480075011721 0.0300046882325 0.00750117205813 0.00187529301453 0.480075011721 0.000468823253633
0.196281387771 0.0122675867357 0.00306689668392 0.00306689668392 0.785125551083 0.000191681042745
0.187648891332 0.0469122228331 0.00293201392707 0.0117280557083 0.750595565329 0.000183250870442
0.05531248312 0.05531248312 0.00086425754875 0.003457030195 0.88499972992 5.40160967968e-05
0.189761408385 0.0474403520964 0.000741255501506 0.00296502200602 0.759045633542 4.63284688441e-05
0.0553506033702 0.0553506033702 0.000216213294415 0.00345941271064 0.885609653924 1.35133309009e-05
0.0474420005328 0.189768002131 0.000741281258325 0.0029651250333 0.759072008525 1.15825196613e-05
0.0474420005328 0.189768002131 0.000741281258325 0.0029651250333 0.759072008525 1.15825196613e-05
0.0554951512873 0.0554951512873 0.000216777934716 0.000867111738864 0.887922420597 3.38715522994e-06
0.0555041753477 0.0555041753477 5.4203296238e-05 0.000867252739807 0.888066805563 3.38770601487e-06
0.0144788062762 0.0579152251046 5.65578370162e-05 0.00090492539226 0.926643601674 8.83716203378e-07
0.166666666667 0.166666666667 0.166666666667 0.166666666667 0.166666666667 0.166666666667
0.190476190476 0.190476190476 0.047619047619 0.190476190476 0.190476190476 0.190476190476
0.121212121212 0.121212121212 0.030303030303 0.121212121212 0.484848484848 0.121212121212
0.0430107526882 0.172043010753 0.010752688172 0.0430107526882 0.688172043011 0.0430107526882
0.152380952381 0.152380952381 0.00952380952381 0.0380952380952 0.609523809524 0.0380952380952
0.104575163399 0.418300653595 0.00653594771242 0.0261437908497 0.418300653595 0.0261437908497
0.0459770114943 0.735632183908 0.0114942528736 0.0114942528736 0.183908045977 0.0114942528736
0.106666666667 0.426666666667 0.0266666666667 0.00666666666667 0.426666666667 0.00666666666667
0.164102564103 0.164102564103 0.0102564102564 0.0025641025641 0.65641025641 0.0025641025641
0.162849872774 0.162849872774 0.0101781170483 0.0101781170483 0.651399491094 0.00254452926209
0.437606837607 0.109401709402 0.00683760683761 0.00683760683761 0.437606837607 0.0017094017094
0.16569579288 0.16569579288 0.00258899676375 0.00258899676375 0.662783171521 0.000647249190939
0.0554472601256 0.0554472601256 0.000866363439463 0.000866363439463 0.88715616201 0.000216590859866
0.166666666667 0.166666666667 0.166666666667 0.166666666667 0.166666666667 0.166666666667
0.0666666666667 0.266666666667 0.266666666667 0.266666666667 0.0666666666667 0.0666666666667
0.190476190476 0.190476190476 0.190476190476 0.190476190476 0.190476190476 0.047619047619
0.355555555556 0.0888888888889 0.0888888888889 0.0888888888889 0.355555555556 0.0222222222222
0.231884057971 0.231884057971 0.0579710144928 0.231884057971 0.231884057971 0.0144927536232
0.0969696969697 0.0969696969697 0.0242424242424 0.387878787879 0.387878787879 0.00606060606061
0.0448179271709 0.0448179271709 0.0112044817927 0.179271708683 0.717086834734 0.00280112044818
0.158024691358 0.0395061728395 0.00987654320988 0.158024691358 0.632098765432 0.00246913580247
0.141280353201 0.141280353201 0.00883002207506 0.141280353201 0.565121412804 0.00220750551876
0.0398753894081 0.159501557632 0.00249221183801 0.159501557632 0.63800623053 0.000623052959502
0.166666666667 0.166666666667 0.166666666667 0.166666666667 0.166666666667 0.166666666667
