Price Resolution OpticalZoom DigitalZoom Weight StorageIncluded
0.166666666667 0.166666666667 0.166666666667 0.166666666667 0.166666666667 0.166666666667
0.266666666667 0.0666666666667 0.266666666667 0.266666666667 0.0666666666667 0.0666666666667
0.533333333333 0.0333333333333 0.133333333333 0.133333333333 0.133333333333 0.0333333333333
0.711111111111 0.0111111111111 0.0444444444444 0.0444444444444 0.177777777778 0.0111111111111
0.463768115942 0.00724637681159 0.0289855072464 0.0289855072464 0.463768115942 0.00724637681159
0.426666666667 0.00666666666667 0.0266666666667 0.106666666667 0.426666666667 0.00666666666667
0.430976430976 0.0016835016835 0.026936026936 0.107744107744 0.430976430976 0.0016835016835
0.187545787546 0.0029304029304 0.0117216117216 0.0468864468864 0.750183150183 0.000732600732601
0.480075011721 0.00187529301453 0.00750117205813 0.0300046882325 0.480075011721 0.000468823253633
0.476722532588 0.00744878957169 0.00744878957169 0.0297951582868 0.476722532588 0.00186219739292
0.493970091655 0.00192957067053 0.00192957067053 0.0077182826821 0.493970091655 0.000482392667631
0.166666666667 0.166666666667 0.166666666667 0.166666666667 0.166666666667 0.166666666667
0.0666666666667 0.266666666667 0.266666666667 0.266666666667 0.0666666666667 0.0666666666667
0.0333333333333 0.533333333333 0.133333333333 0.133333333333 0.133333333333 0.0333333333333
0.0888888888889 0.355555555556 0.0888888888889 0.0888888888889 0.355555555556 0.0222222222222
0.0430107526882 0.172043010753 0.0430107526882 0.0430107526882 0.688172043011 0.010752688172
0.152380952381 0.152380952381 0.0380952380952 0.0380952380952 0.609523809524 0.00952380952381
0.104575163399 0.418300653595 0.0261437908497 0.0261437908497 0.418300653595 0.00653594771242
0.090395480226 0.361581920904 0.090395480226 0.090395480226 0.361581920904 0.00564971751412
0.0433604336043 0.173441734417 0.0433604336043 0.0433604336043 0.693766937669 0.00271002710027
0.166666666667 0.166666666667 0.166666666667 0.166666666667 0.166666666667 0.166666666667
0.222222222222 0.0555555555556 0.222222222222 0.222222222222 0.0555555555556 0.222222222222
0.166666666667 0.166666666667 0.166666666667 0.166666666667 0.166666666667 0.166666666667
0.333333333333 0.0833333333333 0.0833333333333 0.0833333333333 0.333333333333 0.0833333333333
0.410256410256 0.025641025641 0.102564102564 0.025641025641 0.410256410256 0.025641025641
0.177777777778 0.0444444444444 0.0444444444444 0.0111111111111 0.711111111111 0.0111111111111
0.426666666667 0.106666666667 0.0266666666667 0.00666666666667 0.426666666667 0.00666666666667
0.318407960199 0.318407960199 0.0199004975124 0.0199004975124 0.318407960199 0.00497512437811
0.158024691358 0.158024691358 0.00987654320988 0.0395061728395 0.632098765432 0.00246913580247
0.166666666667 0.166666666667 0.166666666667 0.166666666667 0.166666666667 0.166666666667
0.0666666666667 0.266666666667 0.266666666667 0.0666666666667 0.0666666666667 0.266666666667
0.121212121212 0.121212121212 0.484848484848 0.030303030303 0.121212121212 0.121212121212
0.0701754385965 0.280701754386 0.280701754386 0.0175438596491 0.280701754386 0.0701754385965
0.0380952380952 0.609523809524 0.152380952381 0.00952380952381 0.152380952381 0.0380952380952
0.0969696969697 0.387878787879 0.0969696969697 0.00606060606061 0.387878787879 0.0242424242424
0.0289855072464 0.463768115942 0.0289855072464 0.00724637681159 0.463768115942 0.00724637681159
0.106666666667 0.426666666667 0.0266666666667 0.00666666666667 0.426666666667 0.00666666666667
0.0448179271709 0.717086834734 0.0448179271709 0.0112044817927 0.179271708683 0.00280112044818
0.0141843971631 0.90780141844 0.0141843971631 0.00354609929078 0.0567375886525 0.00354609929078
0.046783625731 0.748538011696 0.0116959064327 0.00292397660819 0.187134502924 0.00292397660819
0.0122887864823 0.786482334869 0.00307219662058 0.000768049155146 0.196620583717 0.000768049155146
0.0474074074074 0.758518518519 0.00296296296296 0.000740740740741 0.18962962963 0.000740740740741
0.110822510823 0.44329004329 0.0017316017316 0.0004329004329 0.44329004329 0.0004329004329
0.0475659606094 0.190263842438 0.000743218134522 0.000185804533631 0.761055369751 0.000185804533631
0.166504065041 0.166504065041 0.000650406504065 0.000162601626016 0.666016260163 0.000162601626016
0.166504065041 0.166504065041 0.000650406504065 0.000162601626016 0.666016260163 0.000162601626016
0.111002710027 0.444010840108 0.000433604336043 0.000433604336043 0.444010840108 0.000108401084011
0.332764643757 0.332764643757 0.000324965472419 0.00129986188967 0.332764643757 8.12413681046e-05
0.166666666667 0.166666666667 0.166666666667 0.166666666667 0.166666666667 0.166666666667
0.166666666667 0.166666666667 0.166666666667 0.166666666667 0.166666666667 0.166666666667
0.0555555555556 0.222222222222 0.0555555555556 0.222222222222 0.222222222222 0.222222222222
0.047619047619 0.190476190476 0.190476190476 0.190476190476 0.190476190476 0.190476190476
0.111111111111 0.111111111111 0.111111111111 0.111111111111 0.444444444444 0.111111111111
0.333333333333 0.0833333333333 0.0833333333333 0.0833333333333 0.333333333333 0.0833333333333
0.266666666667 0.266666666667 0.0666666666667 0.0666666666667 0.266666666667 0.0666666666667
0.380952380952 0.0952380952381 0.0238095238095 0.0952380952381 0.380952380952 0.0238095238095
0.463768115942 0.0289855072464 0.00724637681159 0.0289855072464 0.463768115942 0.00724637681159
0.426666666667 0.106666666667 0.00666666666667 0.0266666666667 0.426666666667 0.00666666666667
0.318407960199 0.318407960199 0.0199004975124 0.0199004975124 0.318407960199 0.00497512437811
0.428810720268 0.107202680067 0.00670016750419 0.0268006700168 0.428810720268 0.00167504187605
0.480075011721 0.0300046882325 0.00187529301453 0.00750117205813 0.480075011721 0.000468823253633
0.188062442608 0.047015610652 0.000734618916437 0.011753902663 0.752249770432 0.000183654729109
0.164736164736 0.164736164736 0.000643500643501 0.010296010296 0.658944658945 0.000643500643501
0.166666666667 0.166666666667 0.166666666667 0.166666666667 0.166666666667 0.166666666667
0.166666666667 0.166666666667 0.166666666667 0.166666666667 0.166666666667 0.166666666667
0.166666666667 0.166666666667 0.166666666667 0.166666666667 0.166666666667 0.166666666667
0.166666666667 0.166666666667 0.166666666667 0.166666666667 0.166666666667 0.166666666667
0.222222222222 0.0555555555556 0.222222222222 0.222222222222 0.222222222222 0.0555555555556
0.380952380952 0.0238095238095 0.0952380952381 0.0952380952381 0.380952380952 0.0238095238095
0.355555555556 0.0888888888889 0.0888888888889 0.0888888888889 0.355555555556 0.0222222222222
0.387878787879 0.0969696969697 0.0969696969697 0.0242424242424 0.387878787879 0.00606060606061
0.179271708683 0.0448179271709 0.0448179271709 0.0112044817927 0.717086834734 0.00280112044818
0.0540084388186 0.0540084388186 0.0135021097046 0.0135021097046 0.864135021097 0.00084388185654
0.185911401598 0.0464778503994 0.0116194625999 0.0116194625999 0.743645606391 0.000726216412491
0.420879572544 0.105219893136 0.026304973284 0.026304973284 0.420879572544 0.000411015207563
0.477556255101 0.0298472659438 0.00746181648595 0.00746181648595 0.477556255101 0.000116590882593
