Price Resolution OpticalZoom DigitalZoom Weight StorageIncluded
0.166666666667 0.166666666667 0.166666666667 0.166666666667 0.166666666667 0.166666666667
0.0416666666667 0.291666666667 0.291666666667 0.291666666667 0.0416666666667 0.0416666666667
0.0138888888889 0.430555555556 0.0972222222222 0.0972222222222 0.347222222222 0.0138888888889
0.337962962963 0.143518518519 0.0324074074074 0.0324074074074 0.449074074074 0.00462962962963
0.334490740741 0.0358796296296 0.258101851852 0.00810185185185 0.362268518519 0.00115740740741
0.66724537037 0.0179398148148 0.129050925926 0.00405092592593 0.181134259259 0.000578703703704
0.333622685185 0.508969907407 0.064525462963 0.00202546296296 0.0905671296296 0.000289351851852
0.111207561728 0.169656635802 0.0215084876543 0.334008487654 0.363522376543 9.6450617284e-05
0.277801890432 0.292414158951 0.255377121914 0.0835021219136 0.0908805941358 2.4112654321e-05
0.138900945216 0.146207079475 0.127688560957 0.0417510609568 0.545440297068 1.20563271605e-05
0.166666666667 0.166666666667 0.166666666667 0.166666666667 0.166666666667 0.166666666667
0.291666666667 0.0416666666667 0.291666666667 0.291666666667 0.0416666666667 0.0416666666667
0.430555555556 0.0138888888889 0.0972222222222 0.0972222222222 0.347222222222 0.0138888888889
0.476851851852 0.00462962962963 0.0324074074074 0.0324074074074 0.449074074074 0.00462962962963
0.238425925926 0.00231481481481 0.0162037037037 0.516203703704 0.224537037037 0.00231481481481
0.079475308642 0.000771604938272 0.338734567901 0.505401234568 0.0748456790123 0.000771604938272
0.26986882716 0.000192901234568 0.0846836419753 0.376350308642 0.268711419753 0.000192901234568
0.13493441358 0.500096450617 0.0423418209877 0.188175154321 0.134355709877 9.6450617284e-05
0.0337336033951 0.375024112654 0.260585455247 0.0470437885802 0.0335889274691 0.250024112654
0.344577867798 0.125008037551 0.0868618184156 0.0156812628601 0.34452964249 0.0833413708848
0.166666666667 0.166666666667 0.166666666667 0.166666666667 0.166666666667 0.166666666667
0.233333333333 0.233333333333 0.0333333333333 0.233333333333 0.233333333333 0.0333333333333
0.116666666667 0.116666666667 0.516666666667 0.116666666667 0.116666666667 0.0166666666667
0.372222222222 0.0388888888889 0.505555555556 0.0388888888889 0.0388888888889 0.00555555555556
0.124074074074 0.346296296296 0.168518518519 0.012962962963 0.012962962963 0.335185185185
0.374691358025 0.115432098765 0.0561728395062 0.00432098765432 0.337654320988 0.111728395062
0.458230452675 0.0384773662551 0.0187242798354 0.00144032921811 0.445884773663 0.0372427983539
0.486076817558 0.0128257887517 0.0062414266118 0.333813443073 0.148628257888 0.012414266118
0.162025605853 0.00427526291724 0.00208047553727 0.444604481024 0.382876085963 0.00413808870599
0.0810128029264 0.502137631459 0.00104023776863 0.222302240512 0.191438042981 0.00206904435299
0.360337600975 0.167379210486 0.000346745922878 0.0741007468374 0.397146014327 0.000689681450998
0.272067520195 0.233475842097 6.93491845755e-05 0.214820149367 0.279429202865 0.0001379362902
0.136033760098 0.616737921049 3.46745922878e-05 0.107410074684 0.139714601433 6.89681450998e-05
0.0453445866992 0.53891264035 0.333344891531 0.0358033582279 0.0465715338109 2.29893816999e-05
0.348448195566 0.179637546783 0.111114963844 0.0119344527426 0.348857177937 7.66312723331e-06
0.337112048892 0.0449093866958 0.0277787409609 0.252983613186 0.337214294484 1.91578180833e-06
0.112370682964 0.348303128899 0.0092595803203 0.0843278710619 0.445738098161 6.3859393611e-07
0.370790227655 0.4494343763 0.00308652677343 0.028109290354 0.148579366054 2.1286464537e-07
0.0926975569137 0.362358594075 0.250771631693 0.00702732258849 0.287144841513 5.32161613425e-08
0.364232518971 0.120786198025 0.0835905438978 0.00234244086283 0.429048280504 1.77387204475e-08
0.121410839657 0.373595399342 0.0278635146326 0.334114146954 0.143016093501 5.91290681583e-09
0.0607054198285 0.186797699671 0.0139317573163 0.167057073477 0.571508046751 2.95645340791e-09
0.530352709914 0.0933988498354 0.00696587865815 0.0835285367386 0.285754023375 1.47822670396e-09
0.306070541983 0.218679769967 0.00139317573163 0.216705707348 0.257150804675 2.95645340791e-10
0.102023513994 0.0728932566557 0.000464391910543 0.0722352357826 0.419050268225 0.333333333432
0.367341171331 0.0242977522186 0.000154797303514 0.0240784119275 0.473016756075 0.111111111144
0.166666666667 0.166666666667 0.166666666667 0.166666666667 0.166666666667 0.166666666667
0.233333333333 0.0333333333333 0.233333333333 0.233333333333 0.233333333333 0.0333333333333
0.411111111111 0.0111111111111 0.0777777777778 0.0777777777778 0.411111111111 0.0111111111111
0.205555555556 0.505555555556 0.0388888888889 0.0388888888889 0.205555555556 0.00555555555556
0.0685185185185 0.501851851852 0.346296296296 0.012962962963 0.0685185185185 0.00185185185185
0.356172839506 0.167283950617 0.115432098765 0.00432098765432 0.356172839506 0.000617283950617
0.678086419753 0.0836419753086 0.0577160493827 0.00216049382716 0.178086419753 0.000308641975309
0.839043209877 0.0418209876543 0.0288580246914 0.00108024691358 0.0890432098765 0.000154320987654
0.209760802469 0.260455246914 0.00721450617284 0.250270061728 0.272260802469 3.85802469136e-05
0.241952160494 0.252091049383 0.00144290123457 0.250054012346 0.254452160494 7.71604938272e-06
0.166666666667 0.166666666667 0.166666666667 0.166666666667 0.166666666667 0.166666666667
