Price Resolution OpticalZoom DigitalZoom Weight StorageIncluded
0.166666666667 0.166666666667 0.166666666667 0.166666666667 0.166666666667 0.166666666667
0.222222222222 0.0555555555556 0.222222222222 0.222222222222 0.222222222222 0.0555555555556
0.380952380952 0.0238095238095 0.0952380952381 0.0952380952381 0.380952380952 0.0238095238095
0.355555555556 0.0888888888889 0.0888888888889 0.0888888888889 0.355555555556 0.0222222222222
0.231884057971 0.231884057971 0.231884057971 0.0579710144928 0.231884057971 0.0144927536232
0.547008547009 0.136752136752 0.136752136752 0.034188034188 0.136752136752 0.00854700854701
0.717086834734 0.0448179271709 0.0448179271709 0.0112044817927 0.179271708683 0.00280112044818
0.466302367942 0.0291438979964 0.0291438979964 0.00728597449909 0.466302367942 0.00182149362477
0.45632798574 0.0285204991087 0.0285204991087 0.0285204991087 0.45632798574 0.0017825311943
0.420361247947 0.0262725779967 0.0262725779967 0.105090311987 0.420361247947 0.00164203612479
0.476722532588 0.00744878957169 0.00744878957169 0.0297951582868 0.476722532588 0.00186219739292
0.466302367942 0.0291438979964 0.00728597449909 0.0291438979964 0.466302367942 0.00182149362477
0.194381169324 0.0121488230828 0.00303720577069 0.0121488230828 0.777524677297 0.000759301442673
0.166666666667 0.166666666667 0.166666666667 0.166666666667 0.166666666667 0.166666666667
0.0833333333333 0.0833333333333 0.333333333333 0.333333333333 0.0833333333333 0.0833333333333
0.222222222222 0.0555555555556 0.222222222222 0.222222222222 0.222222222222 0.0555555555556
0.380952380952 0.0238095238095 0.0952380952381 0.0952380952381 0.380952380952 0.0238095238095
0.380952380952 0.0238095238095 0.0952380952381 0.0952380952381 0.380952380952 0.0238095238095
0.280701754386 0.0701754385965 0.280701754386 0.0701754385965 0.280701754386 0.0175438596491
0.418300653595 0.0261437908497 0.104575163399 0.0261437908497 0.418300653595 0.00653594771242
0.185507246377 0.0115942028986 0.0463768115942 0.0115942028986 0.742028985507 0.00289855072464
0.179271708683 0.0448179271709 0.0448179271709 0.0112044817927 0.717086834734 0.00280112044818
0.466302367942 0.0291438979964 0.0291438979964 0.00728597449909 0.466302367942 0.00182149362477
0.194381169324 0.0121488230828 0.0121488230828 0.00303720577069 0.777524677297 0.000759301442673
0.0576966418751 0.0036060401172 0.0144241604688 0.000901510029299 0.923146270002 0.000225377507325
0.0152954531875 0.000955965824222 0.00382386329689 0.000955965824222 0.978909004003 5.97478640139e-05
0.166666666667 0.166666666667 0.166666666667 0.166666666667 0.166666666667 0.166666666667
0.166666666667 0.166666666667 0.166666666667 0.166666666667 0.166666666667 0.166666666667
0.166666666667 0.166666666667 0.166666666667 0.166666666667 0.166666666667 0.166666666667
0.0666666666667 0.266666666667 0.266666666667 0.266666666667 0.0666666666667 0.0666666666667
0.190476190476 0.190476190476 0.190476190476 0.190476190476 0.190476190476 0.047619047619
0.355555555556 0.0888888888889 0.0888888888889 0.0888888888889 0.355555555556 0.0222222222222
0.231884057971 0.231884057971 0.0579710144928 0.231884057971 0.231884057971 0.0144927536232
0.0969696969697 0.0969696969697 0.0242424242424 0.387878787879 0.387878787879 0.00606060606061
0.0448179271709 0.0448179271709 0.0112044817927 0.179271708683 0.717086834734 0.00280112044818
0.158024691358 0.0395061728395 0.00987654320988 0.158024691358 0.632098765432 0.00246913580247
0.158024691358 0.0395061728395 0.00987654320988 0.158024691358 0.632098765432 0.00246913580247
0.136752136752 0.136752136752 0.034188034188 0.136752136752 0.547008547009 0.00854700854701
0.179271708683 0.0448179271709 0.0112044817927 0.0448179271709 0.717086834734 0.00280112044818
