Price Resolution OpticalZoom DigitalZoom Weight StorageIncluded
0.166666666667 0.166666666667 0.166666666667 0.166666666667 0.166666666667 0.166666666667
0.190476190476 0.190476190476 0.047619047619 0.190476190476 0.190476190476 0.190476190476
0.166666666667 0.166666666667 0.166666666667 0.166666666667 0.166666666667 0.166666666667
0.333333333333 0.0833333333333 0.0833333333333 0.0833333333333 0.333333333333 0.0833333333333
0.166666666667 0.0416666666667 0.0416666666667 0.0416666666667 0.666666666667 0.0416666666667
0.148148148148 0.148148148148 0.037037037037 0.037037037037 0.592592592593 0.037037037037
0.152380952381 0.152380952381 0.00952380952381 0.0380952380952 0.609523809524 0.0380952380952
0.185507246377 0.0463768115942 0.00289855072464 0.0115942028986 0.742028985507 0.0115942028986
0.466302367942 0.0291438979964 0.00182149362477 0.0291438979964 0.466302367942 0.00728597449909
0.166666666667 0.166666666667 0.166666666667 0.166666666667 0.166666666667 0.166666666667
0.166666666667 0.166666666667 0.166666666667 0.166666666667 0.166666666667 0.166666666667
0.0833333333333 0.0833333333333 0.333333333333 0.333333333333 0.0833333333333 0.0833333333333
0.0555555555556 0.222222222222 0.222222222222 0.222222222222 0.222222222222 0.0555555555556
0.121212121212 0.121212121212 0.121212121212 0.121212121212 0.484848484848 0.030303030303
0.0701754385965 0.280701754386 0.280701754386 0.0701754385965 0.280701754386 0.0175438596491
0.0380952380952 0.152380952381 0.609523809524 0.0380952380952 0.152380952381 0.00952380952381
0.0969696969697 0.0969696969697 0.387878787879 0.0242424242424 0.387878787879 0.00606060606061
0.153477218225 0.0383693045564 0.153477218225 0.0383693045564 0.613908872902 0.00239808153477
0.0519059205191 0.0129764801298 0.0519059205191 0.0519059205191 0.830494728305 0.00081103000811
0.0147025040202 0.0147025040202 0.0147025040202 0.0147025040202 0.940960257294 0.000229726625316
0.166666666667 0.166666666667 0.166666666667 0.166666666667 0.166666666667 0.166666666667
0.166666666667 0.166666666667 0.166666666667 0.166666666667 0.166666666667 0.166666666667
0.0666666666667 0.266666666667 0.266666666667 0.266666666667 0.0666666666667 0.0666666666667
0.0333333333333 0.533333333333 0.133333333333 0.133333333333 0.133333333333 0.0333333333333
0.0888888888889 0.355555555556 0.0888888888889 0.0888888888889 0.355555555556 0.0222222222222
0.0430107526882 0.172043010753 0.0430107526882 0.0430107526882 0.688172043011 0.010752688172
0.152380952381 0.152380952381 0.0380952380952 0.0380952380952 0.609523809524 0.00952380952381
0.152380952381 0.152380952381 0.0380952380952 0.0380952380952 0.609523809524 0.00952380952381
0.0969696969697 0.387878787879 0.0969696969697 0.0242424242424 0.387878787879 0.00606060606061
0.0448179271709 0.179271708683 0.0448179271709 0.0112044817927 0.717086834734 0.00280112044818
