Price Resolution OpticalZoom DigitalZoom Weight StorageIncluded
0.166666666667 0.166666666667 0.166666666667 0.166666666667 0.166666666667 0.166666666667
0.0555555555556 0.222222222222 0.222222222222 0.222222222222 0.0555555555556 0.222222222222
0.0555555555556 0.222222222222 0.222222222222 0.222222222222 0.0555555555556 0.222222222222
0.190476190476 0.190476190476 0.190476190476 0.190476190476 0.047619047619 0.190476190476
0.484848484848 0.121212121212 0.121212121212 0.121212121212 0.030303030303 0.121212121212
0.266666666667 0.266666666667 0.0666666666667 0.266666666667 0.0666666666667 0.0666666666667
0.222222222222 0.222222222222 0.0555555555556 0.222222222222 0.222222222222 0.0555555555556
0.280701754386 0.280701754386 0.0175438596491 0.280701754386 0.0701754385965 0.0701754385965
0.231884057971 0.231884057971 0.0144927536232 0.231884057971 0.231884057971 0.0579710144928
0.0711111111111 0.284444444444 0.00444444444444 0.284444444444 0.284444444444 0.0711111111111
0.034188034188 0.547008547009 0.00854700854701 0.136752136752 0.136752136752 0.136752136752
0.090395480226 0.361581920904 0.00564971751412 0.090395480226 0.361581920904 0.090395480226
0.0383693045564 0.613908872902 0.00239808153477 0.153477218225 0.153477218225 0.0383693045564
0.0261437908497 0.418300653595 0.00653594771242 0.418300653595 0.104575163399 0.0261437908497
0.018779342723 0.300469483568 0.00469483568075 0.300469483568 0.300469483568 0.075117370892
0.0701754385965 0.280701754386 0.0175438596491 0.280701754386 0.280701754386 0.0701754385965
0.231884057971 0.231884057971 0.0144927536232 0.231884057971 0.231884057971 0.0579710144928
0.547008547009 0.136752136752 0.00854700854701 0.136752136752 0.136752136752 0.034188034188
0.245210727969 0.245210727969 0.00383141762452 0.245210727969 0.245210727969 0.0153256704981
0.140350877193 0.561403508772 0.00877192982456 0.140350877193 0.140350877193 0.00877192982456
0.140350877193 0.561403508772 0.00877192982456 0.140350877193 0.140350877193 0.00877192982456
0.0444444444444 0.711111111111 0.0111111111111 0.177777777778 0.0444444444444 0.0111111111111
0.0392156862745 0.627450980392 0.00980392156863 0.156862745098 0.156862745098 0.00980392156863
0.140350877193 0.561403508772 0.00877192982456 0.140350877193 0.140350877193 0.00877192982456
0.133333333333 0.533333333333 0.0333333333333 0.133333333333 0.133333333333 0.0333333333333
0.136752136752 0.547008547009 0.034188034188 0.136752136752 0.136752136752 0.00854700854701
0.166666666667 0.166666666667 0.166666666667 0.166666666667 0.166666666667 0.166666666667
0.166666666667 0.166666666667 0.166666666667 0.166666666667 0.166666666667 0.166666666667
0.0666666666667 0.266666666667 0.266666666667 0.0666666666667 0.0666666666667 0.266666666667
0.0666666666667 0.266666666667 0.266666666667 0.0666666666667 0.0666666666667 0.266666666667
0.222222222222 0.222222222222 0.222222222222 0.0555555555556 0.0555555555556 0.222222222222
0.533333333333 0.133333333333 0.133333333333 0.0333333333333 0.0333333333333 0.133333333333
0.333333333333 0.333333333333 0.0833333333333 0.0833333333333 0.0833333333333 0.0833333333333
0.190476190476 0.190476190476 0.190476190476 0.047619047619 0.190476190476 0.190476190476
0.231884057971 0.231884057971 0.231884057971 0.0144927536232 0.231884057971 0.0579710144928
0.0888888888889 0.355555555556 0.0888888888889 0.0222222222222 0.355555555556 0.0888888888889
0.0380952380952 0.609523809524 0.152380952381 0.00952380952381 0.152380952381 0.0380952380952
0.0969696969697 0.387878787879 0.0969696969697 0.00606060606061 0.387878787879 0.0242424242424
0.0392156862745 0.627450980392 0.156862745098 0.00980392156863 0.156862745098 0.00980392156863
0.0116959064327 0.748538011696 0.187134502924 0.00292397660819 0.046783625731 0.00292397660819
0.166666666667 0.166666666667 0.166666666667 0.166666666667 0.166666666667 0.166666666667
0.166666666667 0.166666666667 0.166666666667 0.166666666667 0.166666666667 0.166666666667
