Price Resolution OpticalZoom DigitalZoom Weight StorageIncluded
0.166666666667 0.166666666667 0.166666666667 0.166666666667 0.166666666667 0.166666666667
0.0333333333333 0.233333333333 0.233333333333 0.233333333333 0.0333333333333 0.233333333333
0.0333333333333 0.233333333333 0.233333333333 0.233333333333 0.0333333333333 0.233333333333
0.516666666667 0.116666666667 0.116666666667 0.116666666667 0.0166666666667 0.116666666667
0.379166666667 0.0291666666667 0.0291666666667 0.279166666667 0.254166666667 0.0291666666667
0.126388888889 0.343055555556 0.343055555556 0.0930555555556 0.0847222222222 0.00972222222222
0.187731481481 0.223842592593 0.223842592593 0.182175925926 0.180787037037 0.00162037037037
0.0625771604938 0.0746141975309 0.0746141975309 0.394058641975 0.060262345679 0.33387345679
0.0312885802469 0.0373070987654 0.537307098765 0.197029320988 0.0301311728395 0.166936728395
0.257822145062 0.259326774691 0.134326774691 0.0492573302469 0.25753279321 0.0417341820988
0.0859407150206 0.0864422582305 0.378108924897 0.0164191100823 0.419177597737 0.0139113940329
0.166666666667 0.166666666667 0.166666666667 0.166666666667 0.166666666667 0.166666666667
0.0277777777778 0.194444444444 0.194444444444 0.194444444444 0.194444444444 0.194444444444
0.0277777777778 0.194444444444 0.194444444444 0.194444444444 0.194444444444 0.194444444444
0.513888888889 0.0972222222222 0.0972222222222 0.0972222222222 0.0972222222222 0.0972222222222
0.378472222222 0.0243055555556 0.0243055555556 0.274305555556 0.274305555556 0.0243055555556
0.126157407407 0.341435185185 0.00810185185185 0.0914351851852 0.0914351851852 0.341435185185
0.0630787037037 0.170717592593 0.504050925926 0.0457175925926 0.0457175925926 0.170717592593
0.166666666667 0.166666666667 0.166666666667 0.166666666667 0.166666666667 0.166666666667
0.0416666666667 0.291666666667 0.291666666667 0.0416666666667 0.0416666666667 0.291666666667
0.0416666666667 0.291666666667 0.291666666667 0.0416666666667 0.0416666666667 0.291666666667
0.520833333333 0.145833333333 0.145833333333 0.0208333333333 0.0208333333333 0.145833333333
0.380208333333 0.0364583333333 0.0364583333333 0.255208333333 0.255208333333 0.0364583333333
0.190104166667 0.518229166667 0.0182291666667 0.127604166667 0.127604166667 0.0182291666667
0.0950520833333 0.259114583333 0.509114583333 0.0638020833333 0.0638020833333 0.00911458333333
0.166666666667 0.166666666667 0.166666666667 0.166666666667 0.166666666667 0.166666666667
0.194444444444 0.0277777777778 0.194444444444 0.194444444444 0.194444444444 0.194444444444
0.298611111111 0.00694444444444 0.298611111111 0.0486111111111 0.298611111111 0.0486111111111
0.149305555556 0.503472222222 0.149305555556 0.0243055555556 0.149305555556 0.0243055555556
0.0373263888889 0.375868055556 0.0373263888889 0.256076388889 0.0373263888889 0.256076388889
0.259331597222 0.0939670138889 0.259331597222 0.0640190972222 0.259331597222 0.0640190972222
0.0864438657407 0.364655671296 0.0864438657407 0.354673032407 0.0864438657407 0.0213396990741
0.271610966435 0.0911639178241 0.0216109664352 0.0886682581019 0.271610966435 0.255334924769
0.135805483218 0.045581958912 0.510805483218 0.0443341290509 0.135805483218 0.127667462384
0.0679027416088 0.022790979456 0.755402741609 0.0221670645255 0.0679027416088 0.0638337311921
0.166666666667 0.166666666667 0.166666666667 0.166666666667 0.166666666667 0.166666666667
