Price Resolution OpticalZoom DigitalZoom Weight StorageIncluded
0.166666666667 0.166666666667 0.166666666667 0.166666666667 0.166666666667 0.166666666667
0.0833333333333 0.333333333333 0.0833333333333 0.0833333333333 0.0833333333333 0.333333333333
0.0833333333333 0.333333333333 0.0833333333333 0.0833333333333 0.0833333333333 0.333333333333
0.266666666667 0.266666666667 0.0666666666667 0.0666666666667 0.0666666666667 0.266666666667
0.592592592593 0.148148148148 0.037037037037 0.037037037037 0.037037037037 0.148148148148
0.761904761905 0.047619047619 0.047619047619 0.047619047619 0.047619047619 0.047619047619
0.592592592593 0.148148148148 0.037037037037 0.148148148148 0.037037037037 0.037037037037
0.444444444444 0.111111111111 0.111111111111 0.111111111111 0.111111111111 0.111111111111
0.592592592593 0.148148148148 0.037037037037 0.037037037037 0.148148148148 0.037037037037
0.380952380952 0.380952380952 0.0238095238095 0.0952380952381 0.0952380952381 0.0238095238095
0.280701754386 0.280701754386 0.0175438596491 0.280701754386 0.0701754385965 0.0701754385965
0.148148148148 0.592592592593 0.037037037037 0.148148148148 0.037037037037 0.037037037037
0.355555555556 0.355555555556 0.0888888888889 0.0888888888889 0.0888888888889 0.0222222222222
0.688172043011 0.172043010753 0.0430107526882 0.0430107526882 0.0430107526882 0.010752688172
0.711111111111 0.177777777778 0.0111111111111 0.0444444444444 0.0444444444444 0.0111111111111
0.463768115942 0.463768115942 0.00724637681159 0.0289855072464 0.0289855072464 0.00724637681159
0.192192192192 0.768768768769 0.012012012012 0.012012012012 0.012012012012 0.003003003003
0.190476190476 0.761904761905 0.0119047619048 0.0119047619048 0.0119047619048 0.0119047619048
0.474074074074 0.474074074074 0.0296296296296 0.00740740740741 0.00740740740741 0.00740740740741
0.768768768769 0.192192192192 0.012012012012 0.012012012012 0.012012012012 0.003003003003
0.45390070922 0.45390070922 0.0283687943262 0.0283687943262 0.0283687943262 0.00709219858156
0.179271708683 0.717086834734 0.0448179271709 0.0448179271709 0.0112044817927 0.00280112044818
0.177777777778 0.711111111111 0.0444444444444 0.0444444444444 0.0111111111111 0.0111111111111
0.172043010753 0.688172043011 0.0430107526882 0.0430107526882 0.0430107526882 0.010752688172
0.45390070922 0.45390070922 0.0283687943262 0.0283687943262 0.0283687943262 0.00709219858156
0.410256410256 0.410256410256 0.102564102564 0.025641025641 0.025641025641 0.025641025641
0.418300653595 0.418300653595 0.104575163399 0.0261437908497 0.0261437908497 0.00653594771242
0.166666666667 0.166666666667 0.166666666667 0.166666666667 0.166666666667 0.166666666667
0.047619047619 0.190476190476 0.190476190476 0.190476190476 0.190476190476 0.190476190476
0.047619047619 0.190476190476 0.190476190476 0.190476190476 0.190476190476 0.190476190476
0.166666666667 0.166666666667 0.166666666667 0.166666666667 0.166666666667 0.166666666667
0.266666666667 0.0666666666667 0.0666666666667 0.266666666667 0.266666666667 0.0666666666667
0.190476190476 0.190476190476 0.190476190476 0.190476190476 0.190476190476 0.047619047619
0.197530864198 0.197530864198 0.197530864198 0.197530864198 0.197530864198 0.0123456790123
0.197530864198 0.197530864198 0.197530864198 0.197530864198 0.197530864198 0.0123456790123
0.190476190476 0.190476190476 0.190476190476 0.190476190476 0.190476190476 0.047619047619
0.121212121212 0.121212121212 0.121212121212 0.121212121212 0.484848484848 0.030303030303
0.0888888888889 0.0888888888889 0.355555555556 0.0888888888889 0.355555555556 0.0222222222222
0.166666666667 0.166666666667 0.166666666667 0.166666666667 0.166666666667 0.166666666667
0.0666666666667 0.266666666667 0.266666666667 0.0666666666667 0.0666666666667 0.266666666667
0.0666666666667 0.266666666667 0.266666666667 0.0666666666667 0.0666666666667 0.266666666667
0.222222222222 0.222222222222 0.222222222222 0.0555555555556 0.0555555555556 0.222222222222
0.533333333333 0.133333333333 0.133333333333 0.0333333333333 0.0333333333333 0.133333333333
0.333333333333 0.333333333333 0.0833333333333 0.0833333333333 0.0833333333333 0.0833333333333
0.190476190476 0.190476190476 0.190476190476 0.047619047619 0.190476190476 0.190476190476
0.231884057971 0.231884057971 0.231884057971 0.0144927536232 0.231884057971 0.0579710144928
0.0888888888889 0.355555555556 0.0888888888889 0.0222222222222 0.355555555556 0.0888888888889
0.0380952380952 0.609523809524 0.152380952381 0.00952380952381 0.152380952381 0.0380952380952
0.0969696969697 0.387878787879 0.0969696969697 0.00606060606061 0.387878787879 0.0242424242424
0.0392156862745 0.627450980392 0.156862745098 0.00980392156863 0.156862745098 0.00980392156863
0.0116959064327 0.748538011696 0.187134502924 0.00292397660819 0.046783625731 0.00292397660819
0.166666666667 0.166666666667 0.166666666667 0.166666666667 0.166666666667 0.166666666667
0.190476190476 0.047619047619 0.190476190476 0.190476190476 0.190476190476 0.190476190476
0.280701754386 0.0175438596491 0.280701754386 0.0701754385965 0.280701754386 0.0701754385965
0.266666666667 0.0666666666667 0.266666666667 0.0666666666667 0.266666666667 0.0666666666667
0.380952380952 0.0238095238095 0.0952380952381 0.0952380952381 0.380952380952 0.0238095238095
0.280701754386 0.0701754385965 0.280701754386 0.0701754385965 0.280701754386 0.0175438596491
0.284444444444 0.0711111111111 0.284444444444 0.0711111111111 0.284444444444 0.00444444444444
0.197530864198 0.197530864198 0.197530864198 0.197530864198 0.197530864198 0.0123456790123
0.124031007752 0.124031007752 0.496124031008 0.124031007752 0.124031007752 0.0077519379845
0.090395480226 0.090395480226 0.361581920904 0.090395480226 0.361581920904 0.00564971751412
0.166666666667 0.166666666667 0.166666666667 0.166666666667 0.166666666667 0.166666666667
0.166666666667 0.166666666667 0.166666666667 0.166666666667 0.166666666667 0.166666666667
0.0833333333333 0.333333333333 0.0833333333333 0.0833333333333 0.0833333333333 0.333333333333
0.0833333333333 0.333333333333 0.0833333333333 0.0833333333333 0.0833333333333 0.333333333333
0.166666666667 0.166666666667 0.166666666667 0.166666666667 0.166666666667 0.166666666667
0.111111111111 0.444444444444 0.111111111111 0.111111111111 0.111111111111 0.111111111111
0.037037037037 0.592592592593 0.037037037037 0.148148148148 0.148148148148 0.037037037037
0.0222222222222 0.355555555556 0.0888888888889 0.0888888888889 0.355555555556 0.0888888888889
0.0277777777778 0.444444444444 0.0277777777778 0.0277777777778 0.444444444444 0.0277777777778
0.0238095238095 0.380952380952 0.0952380952381 0.0952380952381 0.380952380952 0.0238095238095
0.00980392156863 0.627450980392 0.156862745098 0.0392156862745 0.156862745098 0.00980392156863
0.003367003367 0.861952861953 0.0538720538721 0.013468013468 0.0538720538721 0.013468013468
0.00340136054422 0.87074829932 0.0544217687075 0.0136054421769 0.0544217687075 0.00340136054422
0.0101781170483 0.651399491094 0.162849872774 0.0101781170483 0.162849872774 0.00254452926209
0.010101010101 0.646464646465 0.161616161616 0.010101010101 0.161616161616 0.010101010101
0.0266666666667 0.426666666667 0.106666666667 0.00666666666667 0.426666666667 0.00666666666667
0.0261437908497 0.418300653595 0.104575163399 0.0261437908497 0.418300653595 0.00653594771242
0.0196078431373 0.313725490196 0.313725490196 0.0196078431373 0.313725490196 0.0196078431373
0.0266666666667 0.426666666667 0.426666666667 0.00666666666667 0.106666666667 0.00666666666667
0.075117370892 0.300469483568 0.300469483568 0.018779342723 0.300469483568 0.00469483568075
0.0266666666667 0.426666666667 0.106666666667 0.00666666666667 0.426666666667 0.00666666666667
0.045197740113 0.180790960452 0.045197740113 0.00282485875706 0.723163841808 0.00282485875706
0.0289855072464 0.463768115942 0.0289855072464 0.00724637681159 0.463768115942 0.00724637681159
0.012012012012 0.768768768769 0.012012012012 0.012012012012 0.192192192192 0.003003003003
0.0291438979964 0.466302367942 0.0291438979964 0.00728597449909 0.466302367942 0.00182149362477
0.012012012012 0.768768768769 0.012012012012 0.012012012012 0.192192192192 0.003003003003
0.0463768115942 0.742028985507 0.0115942028986 0.0115942028986 0.185507246377 0.00289855072464
0.158024691358 0.632098765432 0.00987654320988 0.0395061728395 0.158024691358 0.00246913580247
0.0519059205191 0.830494728305 0.0129764801298 0.0519059205191 0.0519059205191 0.00081103000811
0.166666666667 0.166666666667 0.166666666667 0.166666666667 0.166666666667 0.166666666667
0.166666666667 0.166666666667 0.166666666667 0.166666666667 0.166666666667 0.166666666667
0.166666666667 0.166666666667 0.166666666667 0.166666666667 0.166666666667 0.166666666667
0.166666666667 0.166666666667 0.166666666667 0.166666666667 0.166666666667 0.166666666667
