Price Resolution OpticalZoom DigitalZoom Weight StorageIncluded
0.166666666667 0.166666666667 0.166666666667 0.166666666667 0.166666666667 0.166666666667
0.0666666666667 0.266666666667 0.266666666667 0.266666666667 0.0666666666667 0.0666666666667
0.0333333333333 0.533333333333 0.133333333333 0.133333333333 0.133333333333 0.0333333333333
0.0888888888889 0.355555555556 0.0888888888889 0.0888888888889 0.355555555556 0.0222222222222
0.0430107526882 0.172043010753 0.0430107526882 0.0430107526882 0.688172043011 0.010752688172
0.104575163399 0.418300653595 0.0261437908497 0.0261437908497 0.418300653595 0.00653594771242
0.0433604336043 0.693766937669 0.0433604336043 0.0433604336043 0.173441734417 0.00271002710027
0.105090311987 0.420361247947 0.0262725779967 0.0262725779967 0.420361247947 0.00164203612479
0.0291837665299 0.466940264478 0.00729594163247 0.0291837665299 0.466940264478 0.000455996352029
0.0120391271633 0.77050413845 0.0120391271633 0.0120391271633 0.192626034612 0.000752445447705
0.0464778503994 0.743645606391 0.0116194625999 0.0116194625999 0.185911401598 0.000726216412491
0.0298368298368 0.477389277389 0.00745920745921 0.00745920745921 0.477389277389 0.0004662004662
0.109542148053 0.438168592212 0.00684638425332 0.00684638425332 0.438168592212 0.000427899015832
0.107337526205 0.429350104822 0.0268343815514 0.00670859538784 0.429350104822 0.00041928721174
0.0453177553549 0.725084085679 0.0453177553549 0.00283235970968 0.18127102142 0.000177022481855
0.166666666667 0.166666666667 0.166666666667 0.166666666667 0.166666666667 0.166666666667
0.0666666666667 0.266666666667 0.266666666667 0.0666666666667 0.0666666666667 0.266666666667
0.121212121212 0.121212121212 0.484848484848 0.030303030303 0.121212121212 0.121212121212
0.0888888888889 0.355555555556 0.355555555556 0.0222222222222 0.0888888888889 0.0888888888889
0.133333333333 0.133333333333 0.533333333333 0.0333333333333 0.133333333333 0.0333333333333
0.296296296296 0.0740740740741 0.296296296296 0.0185185185185 0.296296296296 0.0185185185185
0.418300653595 0.0261437908497 0.104575163399 0.0261437908497 0.418300653595 0.00653594771242
0.420361247947 0.0262725779967 0.105090311987 0.0262725779967 0.420361247947 0.00164203612479
0.319600499376 0.019975031211 0.319600499376 0.019975031211 0.319600499376 0.00124843945069
0.420361247947 0.0262725779967 0.105090311987 0.0262725779967 0.420361247947 0.00164203612479
0.477389277389 0.00745920745921 0.0298368298368 0.00745920745921 0.477389277389 0.0004662004662
0.429350104822 0.00670859538784 0.107337526205 0.0268343815514 0.429350104822 0.00041928721174
0.186012715713 0.0116257947321 0.0465031789282 0.0116257947321 0.744050862852 0.000181653042688
0.0569363358354 0.0142340839589 0.0142340839589 0.00355852098971 0.910981373367 5.56018904643e-05
0.194519637175 0.0121574773235 0.0121574773235 0.00303936933086 0.778078548701 4.74901457947e-05
0.187674684994 0.0469186712486 0.0117296678121 0.00293241695304 0.750698739977 4.58190148912e-05
0.469711304148 0.0293569565093 0.0293569565093 0.00183480978183 0.469711304148 2.86689028411e-05
0.429518940883 0.107379735221 0.0268449338052 0.0067112334513 0.429518940883 2.62157556692e-05
0.750724538071 0.0469202836294 0.0117300709074 0.00293251772684 0.187681134518 1.14551473705e-05
0.744177596094 0.0465110997559 0.011627774939 0.011627774939 0.186044399023 1.13552489638e-05
0.744177596094 0.0465110997559 0.011627774939 0.011627774939 0.186044399023 1.13552489638e-05
0.920860074542 0.0143884386647 0.00359710966618 0.00359710966618 0.0575537546589 3.51280240838e-06
0.933454045965 0.00364630486705 0.000911576216763 0.00364630486705 0.0583408778728 8.90211149182e-07
0.923353560223 0.0144273993785 0.000901712461155 0.00360684984462 0.057709597514 8.80578575347e-07
0.752387410174 0.0470242131359 0.000734753330248 0.011756053284 0.188096852543 7.1753254907e-07
0.750732600339 0.0469207875212 0.00293254922008 0.0117301968803 0.187683150085 7.15954399432e-07
0.787086708563 0.0122982298213 0.000768639363831 0.00307455745532 0.196771677141 1.87656094685e-07
0.757396312935 0.0473372695585 0.0029585793474 0.0029585793474 0.189349078234 1.80577352747e-07
0.658097583118 0.16452439578 0.0102827747362 0.00257069368405 0.16452439578 1.56902690677e-07
0.166666666667 0.166666666667 0.166666666667 0.166666666667 0.166666666667 0.166666666667
0.190476190476 0.190476190476 0.047619047619 0.190476190476 0.190476190476 0.190476190476
0.166666666667 0.166666666667 0.166666666667 0.166666666667 0.166666666667 0.166666666667
0.266666666667 0.0666666666667 0.266666666667 0.266666666667 0.0666666666667 0.0666666666667
0.533333333333 0.0333333333333 0.133333333333 0.133333333333 0.133333333333 0.0333333333333
0.484848484848 0.121212121212 0.121212121212 0.121212121212 0.121212121212 0.030303030303
0.609523809524 0.0380952380952 0.152380952381 0.0380952380952 0.152380952381 0.00952380952381
0.547008547009 0.136752136752 0.136752136752 0.034188034188 0.136752136752 0.00854700854701
0.361581920904 0.090395480226 0.090395480226 0.090395480226 0.361581920904 0.00564971751412
0.613908872902 0.153477218225 0.0383693045564 0.0383693045564 0.153477218225 0.00239808153477
0.389649923896 0.389649923896 0.0974124809741 0.0243531202435 0.0974124809741 0.00152207001522
0.633271490414 0.158317872604 0.0395794681509 0.00989486703772 0.158317872604 0.000618429189858
0.657991967871 0.164497991968 0.010281124498 0.0025702811245 0.164497991968 0.000160642570281
0.633565351895 0.158391337974 0.0395978344934 0.00989945862336 0.158391337974 0.00015467904099
0.429350104822 0.429350104822 0.0268343815514 0.00670859538784 0.107337526205 0.00041928721174
0.657991967871 0.164497991968 0.010281124498 0.0025702811245 0.164497991968 0.000160642570281
0.88499972992 0.05531248312 0.003457030195 0.00086425754875 0.05531248312 5.40160967968e-05
0.9258458713 0.0144663417391 0.000904146358692 0.000904146358692 0.0578653669563 1.41272868546e-05
0.166666666667 0.166666666667 0.166666666667 0.166666666667 0.166666666667 0.166666666667
0.0666666666667 0.266666666667 0.0666666666667 0.266666666667 0.266666666667 0.0666666666667
