Price Resolution OpticalZoom DigitalZoom Weight StorageIncluded
0.166666666667 0.166666666667 0.166666666667 0.166666666667 0.166666666667 0.166666666667
0.291666666667 0.0416666666667 0.291666666667 0.291666666667 0.0416666666667 0.0416666666667
0.430555555556 0.0138888888889 0.0972222222222 0.0972222222222 0.347222222222 0.0138888888889
0.215277777778 0.506944444444 0.0486111111111 0.0486111111111 0.173611111111 0.00694444444444
0.0717592592593 0.502314814815 0.349537037037 0.0162037037037 0.0578703703704 0.00231481481481
0.35725308642 0.167438271605 0.116512345679 0.0054012345679 0.35262345679 0.000771604938272
0.67862654321 0.0837191358025 0.0582561728395 0.00270061728395 0.176311728395 0.000385802469136
0.55954218107 0.0279063786008 0.0194187242798 0.334233539095 0.0587705761317 0.000128600823045
0.139885545267 0.25697659465 0.00485468106996 0.333558384774 0.264692644033 3.21502057613e-05
0.0466285150892 0.0856588648834 0.334951560357 0.111186128258 0.421564214678 1.07167352538e-05
0.166666666667 0.166666666667 0.166666666667 0.166666666667 0.166666666667 0.166666666667
0.0416666666667 0.291666666667 0.291666666667 0.291666666667 0.0416666666667 0.0416666666667
0.0138888888889 0.430555555556 0.0972222222222 0.0972222222222 0.347222222222 0.0138888888889
0.337962962963 0.143518518519 0.0324074074074 0.0324074074074 0.449074074074 0.00462962962963
0.334490740741 0.0358796296296 0.258101851852 0.00810185185185 0.362268518519 0.00115740740741
0.66724537037 0.0179398148148 0.129050925926 0.00405092592593 0.181134259259 0.000578703703704
0.333622685185 0.508969907407 0.064525462963 0.00202546296296 0.0905671296296 0.000289351851852
0.0834056712963 0.377242476852 0.266131365741 0.250506365741 0.0226417824074 7.2337962963e-05
0.0278018904321 0.125747492284 0.0887104552469 0.416835455247 0.340880594136 2.4112654321e-05
0.342600630144 0.0419158307613 0.362903485082 0.138945151749 0.113626864712 8.03755144033e-06
0.166666666667 0.166666666667 0.166666666667 0.166666666667 0.166666666667 0.166666666667
0.233333333333 0.233333333333 0.233333333333 0.233333333333 0.0333333333333 0.0333333333333
0.308333333333 0.308333333333 0.0583333333333 0.0583333333333 0.258333333333 0.00833333333333
0.154166666667 0.654166666667 0.0291666666667 0.0291666666667 0.129166666667 0.00416666666667
0.288541666667 0.163541666667 0.00729166666667 0.257291666667 0.282291666667 0.00104166666667
0.429513888889 0.0545138888889 0.335763888889 0.0857638888889 0.0940972222222 0.000347222222222
0.285902777778 0.210902777778 0.0671527777778 0.217152777778 0.218819444444 6.94444444444e-05
0.142951388889 0.605451388889 0.0335763888889 0.108576388889 0.109409722222 3.47222222222e-05
0.0357378472222 0.401362847222 0.258394097222 0.0271440972222 0.0273524305556 0.250008680556
0.345245949074 0.133787615741 0.0861313657407 0.00904803240741 0.342450810185 0.0833362268519
0.269049189815 0.226757523148 0.0172262731481 0.201809606481 0.268490162037 0.0166672453704
0.269049189815 0.226757523148 0.0172262731481 0.201809606481 0.268490162037 0.0166672453704
0.134524594907 0.613378761574 0.00861313657407 0.100904803241 0.134245081019 0.00833362268519
0.567262297454 0.306689380787 0.00430656828704 0.0504524016204 0.0671225405093 0.00416681134259
0.189087432485 0.102229793596 0.334768856096 0.0168174672068 0.355707513503 0.0013889371142
0.0472718581211 0.275557448399 0.333692214024 0.254204366802 0.0889268783758 0.000347234278549
0.523635929061 0.137778724199 0.166846107012 0.127102183401 0.0444634391879 0.000173617139275
0.76181796453 0.0688893620997 0.083423053506 0.0635510917004 0.0222317195939 8.68085696373e-05
0.380908982265 0.0344446810499 0.041711526753 0.53177554585 0.011115859797 4.34042848187e-05
0.276181796453 0.00688893620997 0.208342305351 0.30635510917 0.202223171959 8.68085696373e-06
0.166666666667 0.166666666667 0.166666666667 0.166666666667 0.166666666667 0.166666666667
0.166666666667 0.166666666667 0.166666666667 0.166666666667 0.166666666667 0.166666666667
0.194444444444 0.194444444444 0.0277777777778 0.194444444444 0.194444444444 0.194444444444
0.0972222222222 0.0972222222222 0.513888888889 0.0972222222222 0.0972222222222 0.0972222222222
