Price Resolution OpticalZoom DigitalZoom Weight StorageIncluded
0.166666666667 0.166666666667 0.166666666667 0.166666666667 0.166666666667 0.166666666667
0.266666666667 0.0666666666667 0.266666666667 0.266666666667 0.0666666666667 0.0666666666667
0.533333333333 0.0333333333333 0.133333333333 0.133333333333 0.133333333333 0.0333333333333
0.627450980392 0.00980392156863 0.0392156862745 0.156862745098 0.156862745098 0.00980392156863
0.627450980392 0.00980392156863 0.0392156862745 0.156862745098 0.156862745098 0.00980392156863
0.561403508772 0.00877192982456 0.140350877193 0.140350877193 0.140350877193 0.00877192982456
0.723163841808 0.00282485875706 0.045197740113 0.180790960452 0.045197740113 0.00282485875706
0.751835535977 0.000734214390602 0.0117474302496 0.187958883994 0.0469897209985 0.000734214390602
0.480075011721 0.00187529301453 0.00750117205813 0.480075011721 0.0300046882325 0.000468823253633
0.440430107527 0.00172043010753 0.00688172043011 0.440430107527 0.110107526882 0.000430107526882
0.331070158422 0.00129324280634 0.00517297122535 0.331070158422 0.331070158422 0.000323310701584
0.166666666667 0.166666666667 0.166666666667 0.166666666667 0.166666666667 0.166666666667
0.0666666666667 0.266666666667 0.266666666667 0.266666666667 0.0666666666667 0.0666666666667
0.0333333333333 0.533333333333 0.133333333333 0.133333333333 0.133333333333 0.0333333333333
0.0888888888889 0.355555555556 0.0888888888889 0.0888888888889 0.355555555556 0.0222222222222
0.0430107526882 0.172043010753 0.0430107526882 0.0430107526882 0.688172043011 0.010752688172
0.152380952381 0.152380952381 0.0380952380952 0.0380952380952 0.609523809524 0.00952380952381
0.387878787879 0.0969696969697 0.0969696969697 0.0242424242424 0.387878787879 0.00606060606061
0.300469483568 0.300469483568 0.075117370892 0.018779342723 0.300469483568 0.00469483568075
0.137634408602 0.550537634409 0.137634408602 0.0344086021505 0.137634408602 0.00215053763441
0.0434487440597 0.695179904956 0.173794976239 0.0434487440597 0.0434487440597 0.000678886625933
0.166666666667 0.166666666667 0.166666666667 0.166666666667 0.166666666667 0.166666666667
0.190476190476 0.190476190476 0.047619047619 0.190476190476 0.190476190476 0.190476190476
0.190476190476 0.190476190476 0.047619047619 0.190476190476 0.190476190476 0.190476190476
0.0666666666667 0.266666666667 0.0666666666667 0.266666666667 0.266666666667 0.0666666666667
0.166666666667 0.166666666667 0.166666666667 0.166666666667 0.166666666667 0.166666666667
0.166666666667 0.166666666667 0.166666666667 0.166666666667 0.166666666667 0.166666666667
0.0666666666667 0.266666666667 0.266666666667 0.0666666666667 0.0666666666667 0.266666666667
0.121212121212 0.121212121212 0.484848484848 0.030303030303 0.121212121212 0.121212121212
0.0888888888889 0.355555555556 0.355555555556 0.0222222222222 0.0888888888889 0.0888888888889
0.133333333333 0.533333333333 0.133333333333 0.0333333333333 0.133333333333 0.0333333333333
0.296296296296 0.296296296296 0.0740740740741 0.0185185185185 0.296296296296 0.0185185185185
0.106666666667 0.426666666667 0.0266666666667 0.00666666666667 0.426666666667 0.00666666666667
0.0969696969697 0.387878787879 0.0969696969697 0.0242424242424 0.387878787879 0.00606060606061
0.0395061728395 0.632098765432 0.158024691358 0.00987654320988 0.158024691358 0.00246913580247
0.0448179271709 0.717086834734 0.0448179271709 0.0112044817927 0.179271708683 0.00280112044818
0.107202680067 0.428810720268 0.0268006700168 0.00670016750419 0.428810720268 0.00167504187605
0.164418754014 0.657675016057 0.0102761721259 0.00256904303147 0.164418754014 0.000642260757868
0.0547359418431 0.875775069489 0.0136839854608 0.000855249091298 0.0547359418431 0.000213812272824
0.15987509758 0.63950039032 0.039968774395 0.000624512099922 0.15987509758 0.00015612802498
0.326400510001 0.326400510001 0.020400031875 0.000318750498048 0.326400510001 7.96876245119e-05
0.639875024409 0.159968756102 0.0399921890256 0.000156219488381 0.159968756102 3.90548720953e-05
0.43237537276 0.43237537276 0.0270234607975 0.00010556039374 0.10809384319 2.63900984351e-05
0.159973441909 0.639893767636 0.0399933604773 0.000156224064364 0.159973441909 9.76400402277e-06
