Price Resolution OpticalZoom DigitalZoom Weight StorageIncluded
0.166666666667 0.166666666667 0.166666666667 0.166666666667 0.166666666667 0.166666666667
0.233333333333 0.0333333333333 0.0333333333333 0.233333333333 0.233333333333 0.233333333333
0.616666666667 0.0166666666667 0.0166666666667 0.116666666667 0.116666666667 0.116666666667
0.308333333333 0.00833333333333 0.00833333333333 0.0583333333333 0.558333333333 0.0583333333333
0.308333333333 0.00833333333333 0.00833333333333 0.0583333333333 0.558333333333 0.0583333333333
0.654166666667 0.00416666666667 0.00416666666667 0.0291666666667 0.279166666667 0.0291666666667
0.275694444444 0.167361111111 0.000694444444444 0.171527777778 0.213194444444 0.171527777778
0.137847222222 0.0836805555556 0.500347222222 0.0857638888889 0.106597222222 0.0857638888889
0.166666666667 0.166666666667 0.166666666667 0.166666666667 0.166666666667 0.166666666667
0.194444444444 0.194444444444 0.0277777777778 0.194444444444 0.194444444444 0.194444444444
0.0972222222222 0.0972222222222 0.513888888889 0.0972222222222 0.0972222222222 0.0972222222222
0.548611111111 0.0486111111111 0.256944444444 0.0486111111111 0.0486111111111 0.0486111111111
0.516203703704 0.0162037037037 0.0856481481481 0.0162037037037 0.349537037037 0.0162037037037
0.516203703704 0.0162037037037 0.0856481481481 0.0162037037037 0.349537037037 0.0162037037037
0.505401234568 0.338734567901 0.028549382716 0.0054012345679 0.116512345679 0.0054012345679
0.168467078189 0.112911522634 0.00951646090535 0.335133744856 0.372170781893 0.00180041152263
0.292116769547 0.0282278806584 0.252379115226 0.083783436214 0.343042695473 0.000450102880658
0.166666666667 0.166666666667 0.166666666667 0.166666666667 0.166666666667 0.166666666667
0.166666666667 0.166666666667 0.166666666667 0.166666666667 0.166666666667 0.166666666667
0.166666666667 0.166666666667 0.166666666667 0.166666666667 0.166666666667 0.166666666667
