Price Resolution OpticalZoom DigitalZoom Weight StorageIncluded
0.166666666667 0.166666666667 0.166666666667 0.166666666667 0.166666666667 0.166666666667
0.222222222222 0.0555555555556 0.0555555555556 0.222222222222 0.222222222222 0.222222222222
0.190476190476 0.047619047619 0.190476190476 0.190476190476 0.190476190476 0.190476190476
0.121212121212 0.030303030303 0.484848484848 0.121212121212 0.121212121212 0.121212121212
0.280701754386 0.0175438596491 0.280701754386 0.0701754385965 0.280701754386 0.0701754385965
0.152380952381 0.00952380952381 0.609523809524 0.0380952380952 0.152380952381 0.0380952380952
0.0952380952381 0.0238095238095 0.380952380952 0.0952380952381 0.380952380952 0.0238095238095
0.104575163399 0.0261437908497 0.418300653595 0.0261437908497 0.418300653595 0.00653594771242
0.162849872774 0.0101781170483 0.162849872774 0.0101781170483 0.651399491094 0.00254452926209
0.107202680067 0.00670016750419 0.428810720268 0.0268006700168 0.428810720268 0.00167504187605
0.164418754014 0.00256904303147 0.164418754014 0.0102761721259 0.657675016057 0.000642260757868
0.158317872604 0.00989486703772 0.158317872604 0.0395794681509 0.633271490414 0.000618429189858
0.105090311987 0.0262725779967 0.420361247947 0.0262725779967 0.420361247947 0.00164203612479
0.0449122807018 0.0449122807018 0.718596491228 0.0112280701754 0.179649122807 0.000701754385965
0.0469122228331 0.0117280557083 0.750595565329 0.00293201392707 0.187648891332 0.000183250870442
0.0142340839589 0.0142340839589 0.910981373367 0.00355852098971 0.0569363358354 5.56018904643e-05
0.0136511491495 0.0546045965979 0.873673545566 0.00341278728737 0.0546045965979 5.33248013651e-05
0.04532377285 0.04532377285 0.7251803656 0.00283273580312 0.1812950914 4.42614969238e-05
0.0469202836294 0.0117300709074 0.750724538071 0.00293251772684 0.187681134518 1.14551473705e-05
0.0469202836294 0.0117300709074 0.750724538071 0.00293251772684 0.187681134518 1.14551473705e-05
0.0144272088141 0.00360680220353 0.923341364104 0.000901700550883 0.0577088352565 1.40890711075e-05
0.166666666667 0.166666666667 0.166666666667 0.166666666667 0.166666666667 0.166666666667
0.166666666667 0.166666666667 0.166666666667 0.166666666667 0.166666666667 0.166666666667
0.0666666666667 0.266666666667 0.266666666667 0.0666666666667 0.0666666666667 0.266666666667
0.0666666666667 0.266666666667 0.266666666667 0.0666666666667 0.0666666666667 0.266666666667
0.0555555555556 0.222222222222 0.222222222222 0.0555555555556 0.222222222222 0.222222222222
0.121212121212 0.121212121212 0.121212121212 0.030303030303 0.484848484848 0.121212121212
0.0493827160494 0.0493827160494 0.0493827160494 0.0123456790123 0.79012345679 0.0493827160494
0.121212121212 0.121212121212 0.121212121212 0.030303030303 0.484848484848 0.121212121212
0.148148148148 0.148148148148 0.037037037037 0.037037037037 0.592592592593 0.037037037037
0.102564102564 0.410256410256 0.025641025641 0.025641025641 0.410256410256 0.025641025641
0.313725490196 0.313725490196 0.0196078431373 0.0196078431373 0.313725490196 0.0196078431373
0.106666666667 0.426666666667 0.00666666666667 0.0266666666667 0.426666666667 0.00666666666667
0.0463768115942 0.742028985507 0.0115942028986 0.0115942028986 0.185507246377 0.00289855072464
0.162849872774 0.651399491094 0.0101781170483 0.0101781170483 0.162849872774 0.00254452926209
0.109401709402 0.437606837607 0.00683760683761 0.00683760683761 0.437606837607 0.0017094017094
0.107202680067 0.428810720268 0.0268006700168 0.00670016750419 0.428810720268 0.00167504187605
0.158317872604 0.633271490414 0.0395794681509 0.00989486703772 0.158317872604 0.000618429189858
0.158024691358 0.632098765432 0.0395061728395 0.00987654320988 0.158024691358 0.00246913580247
0.324461343473 0.324461343473 0.020278833967 0.00506970849176 0.324461343473 0.00126742712294
0.329472329472 0.329472329472 0.00514800514801 0.00514800514801 0.329472329472 0.001287001287
0.164418754014 0.657675016057 0.00256904303147 0.0102761721259 0.164418754014 0.000642260757868
0.107337526205 0.429350104822 0.00670859538784 0.0268343815514 0.429350104822 0.00041928721174
0.164497991968 0.164497991968 0.0025702811245 0.010281124498 0.657991967871 0.000160642570281
0.4405722276 0.1101430569 0.00172098526406 0.00688394105625 0.4405722276 0.000107561579004
0.4405722276 0.1101430569 0.00172098526406 0.00688394105625 0.4405722276 0.000107561579004
0.164835607067 0.164835607067 0.000643889090104 0.0103022254417 0.659342428267 4.02430681315e-05
0.108059622741 0.432238490964 0.000422107901332 0.0270149056853 0.432238490964 2.63817438333e-05
0.108059622741 0.432238490964 0.000422107901332 0.0270149056853 0.432238490964 2.63817438333e-05
0.164915247413 0.164915247413 0.000161050046302 0.0103072029633 0.659660989653 4.02625115755e-05
0.166220274328 0.166220274328 4.05811216622e-05 0.00259719178638 0.664881097314 4.05811216622e-05
0.44131986532 0.11032996633 0.000107744107744 0.00689562289562 0.44131986532 2.6936026936e-05
0.44131986532 0.11032996633 0.000107744107744 0.00689562289562 0.44131986532 2.6936026936e-05
0.166205098552 0.166205098552 0.000162309666555 0.00259695466488 0.66482039421 1.01443541597e-05
0.189901624143 0.0474754060358 4.63627012069e-05 0.00296721287724 0.759606496574 2.89766882543e-06
0.166205098552 0.166205098552 0.000162309666555 0.00259695466488 0.66482039421 1.01443541597e-05
0.110869756457 0.443479025829 0.000433084986162 0.00173233994465 0.443479025829 6.76695290877e-06
0.166666666667 0.166666666667 0.166666666667 0.166666666667 0.166666666667 0.166666666667
0.0833333333333 0.333333333333 0.0833333333333 0.0833333333333 0.0833333333333 0.333333333333
0.0833333333333 0.333333333333 0.0833333333333 0.0833333333333 0.0833333333333 0.333333333333
0.190476190476 0.190476190476 0.047619047619 0.190476190476 0.190476190476 0.190476190476
0.190476190476 0.190476190476 0.047619047619 0.190476190476 0.190476190476 0.190476190476
0.333333333333 0.0833333333333 0.0833333333333 0.0833333333333 0.333333333333 0.0833333333333
0.333333333333 0.0833333333333 0.0833333333333 0.0833333333333 0.333333333333 0.0833333333333
0.592592592593 0.037037037037 0.037037037037 0.148148148148 0.148148148148 0.037037037037
0.592592592593 0.037037037037 0.037037037037 0.148148148148 0.148148148148 0.037037037037
0.688172043011 0.0430107526882 0.010752688172 0.172043010753 0.0430107526882 0.0430107526882
0.609523809524 0.152380952381 0.00952380952381 0.152380952381 0.0380952380952 0.0380952380952
0.592592592593 0.148148148148 0.037037037037 0.148148148148 0.037037037037 0.037037037037
0.533333333333 0.133333333333 0.0333333333333 0.133333333333 0.133333333333 0.0333333333333
0.627450980392 0.156862745098 0.00980392156863 0.0392156862745 0.156862745098 0.00980392156863
0.426666666667 0.426666666667 0.00666666666667 0.0266666666667 0.106666666667 0.00666666666667
0.717086834734 0.179271708683 0.0112044817927 0.0448179271709 0.0448179271709 0.00280112044818
0.166666666667 0.166666666667 0.166666666667 0.166666666667 0.166666666667 0.166666666667
