Price Resolution OpticalZoom DigitalZoom Weight StorageIncluded
0.166666666667 0.166666666667 0.166666666667 0.166666666667 0.166666666667 0.166666666667
0.166666666667 0.166666666667 0.166666666667 0.166666666667 0.166666666667 0.166666666667
0.166666666667 0.166666666667 0.166666666667 0.166666666667 0.166666666667 0.166666666667
0.0333333333333 0.233333333333 0.233333333333 0.233333333333 0.0333333333333 0.233333333333
0.0333333333333 0.233333333333 0.233333333333 0.233333333333 0.0333333333333 0.233333333333
0.516666666667 0.116666666667 0.116666666667 0.116666666667 0.0166666666667 0.116666666667
0.379166666667 0.0291666666667 0.0291666666667 0.279166666667 0.254166666667 0.0291666666667
0.189583333333 0.514583333333 0.0145833333333 0.139583333333 0.127083333333 0.0145833333333
0.0947916666667 0.257291666667 0.507291666667 0.0697916666667 0.0635416666667 0.00729166666667
0.0315972222222 0.419097222222 0.502430555556 0.0232638888889 0.0211805555556 0.00243055555556
0.206319444444 0.0838194444444 0.100486111111 0.204652777778 0.204236111111 0.200486111111
0.603159722222 0.0419097222222 0.0502430555556 0.102326388889 0.102118055556 0.100243055556
0.603159722222 0.0419097222222 0.0502430555556 0.102326388889 0.102118055556 0.100243055556
0.201053240741 0.0139699074074 0.350081018519 0.0341087962963 0.0340393518519 0.366747685185
0.166666666667 0.166666666667 0.166666666667 0.166666666667 0.166666666667 0.166666666667
0.0416666666667 0.291666666667 0.291666666667 0.0416666666667 0.0416666666667 0.291666666667
0.0416666666667 0.291666666667 0.291666666667 0.0416666666667 0.0416666666667 0.291666666667
0.520833333333 0.145833333333 0.145833333333 0.0208333333333 0.0208333333333 0.145833333333
0.380208333333 0.0364583333333 0.0364583333333 0.255208333333 0.255208333333 0.0364583333333
0.190104166667 0.518229166667 0.0182291666667 0.127604166667 0.127604166667 0.0182291666667
0.0950520833333 0.259114583333 0.509114583333 0.0638020833333 0.0638020833333 0.00911458333333
0.0316840277778 0.419704861111 0.503038194444 0.0212673611111 0.0212673611111 0.00303819444444
0.206336805556 0.0839409722222 0.100607638889 0.204253472222 0.204253472222 0.200607638889
0.603168402778 0.0419704861111 0.0503038194444 0.102126736111 0.102126736111 0.100303819444
0.603168402778 0.0419704861111 0.0503038194444 0.102126736111 0.102126736111 0.100303819444
0.201056134259 0.013990162037 0.350101273148 0.0340422453704 0.0340422453704 0.366767939815
0.166666666667 0.166666666667 0.166666666667 0.166666666667 0.166666666667 0.166666666667
0.233333333333 0.0333333333333 0.0333333333333 0.233333333333 0.233333333333 0.233333333333
0.116666666667 0.0166666666667 0.516666666667 0.116666666667 0.116666666667 0.116666666667
0.0583333333333 0.00833333333333 0.758333333333 0.0583333333333 0.0583333333333 0.0583333333333
0.0145833333333 0.252083333333 0.189583333333 0.264583333333 0.0145833333333 0.264583333333
0.507291666667 0.126041666667 0.0947916666667 0.132291666667 0.00729166666667 0.132291666667
0.376822916667 0.0315104166667 0.0236979166667 0.283072916667 0.251822916667 0.0330729166667
0.125607638889 0.0105034722222 0.341232638889 0.427690972222 0.0839409722222 0.0110243055556
0.041869212963 0.336834490741 0.113744212963 0.142563657407 0.361313657407 0.00367476851852
0.013956404321 0.11227816358 0.371248070988 0.380854552469 0.120437885802 0.00122492283951
0.337985468107 0.0374260545267 0.123749356996 0.12695151749 0.373479295267 0.000408307613169
0.445995156036 0.0124753515089 0.0412497856653 0.37565050583 0.124493098422 0.000136102537723
0.222997578018 0.506237675754 0.0206248928326 0.187825252915 0.0622465492112 6.80512688615e-05
0.111498789009 0.753118837877 0.0103124464163 0.0939126264575 0.0311232746056 3.40256344307e-05
0.111498789009 0.753118837877 0.0103124464163 0.0939126264575 0.0311232746056 3.40256344307e-05
0.037166263003 0.584372945959 0.336770815472 0.0313042088192 0.0103744248685 1.13418781436e-05
0.345722087668 0.194790981986 0.112256938491 0.0104347362731 0.336791474956 3.78062604786e-06
0.0864305219169 0.298697745497 0.0280642346227 0.252608684068 0.334197868739 9.45156511965e-07
0.0432152609585 0.149348872748 0.514032117311 0.126304342034 0.16709893437 4.72578255982e-07
0.0216076304792 0.0746744363741 0.257016058656 0.0631521710171 0.0835494671848 0.500000236289
0.340535876826 0.0248914787914 0.0856720195519 0.0210507236724 0.361183155728 0.16666674543
0.170267938413 0.0124457393957 0.542836009776 0.0105253618362 0.180591577864 0.0833333727149
0.234053587683 0.202489147879 0.308567201955 0.202105072367 0.0361183155728 0.016666674543
0.117026793841 0.60124457394 0.154283600978 0.101052536184 0.0180591577864 0.00833333727149
0.372342264614 0.20041485798 0.0514278669925 0.0336841787279 0.339353052595 0.0027777790905
0.457447421538 0.06680495266 0.0171426223308 0.011228059576 0.446451017532 0.000925926363498
