Price Resolution OpticalZoom DigitalZoom Weight StorageIncluded
0.166666666667 0.166666666667 0.166666666667 0.166666666667 0.166666666667 0.166666666667
0.222222222222 0.222222222222 0.0555555555556 0.222222222222 0.222222222222 0.0555555555556
0.222222222222 0.222222222222 0.0555555555556 0.222222222222 0.222222222222 0.0555555555556
0.380952380952 0.0952380952381 0.0238095238095 0.0952380952381 0.380952380952 0.0238095238095
0.426666666667 0.0266666666667 0.00666666666667 0.106666666667 0.426666666667 0.00666666666667
0.380952380952 0.0952380952381 0.0238095238095 0.0952380952381 0.380952380952 0.0238095238095
0.177777777778 0.0444444444444 0.0111111111111 0.0444444444444 0.711111111111 0.0111111111111
0.187134502924 0.046783625731 0.00292397660819 0.0116959064327 0.748538011696 0.00292397660819
0.162849872774 0.162849872774 0.0101781170483 0.0101781170483 0.651399491094 0.00254452926209
0.189209164819 0.0473022912047 0.0029563932003 0.0029563932003 0.756836659276 0.000739098300074
0.482791136256 0.030174446016 0.001885902876 0.001885902876 0.482791136256 0.000471475719
0.788298691301 0.0123171670516 0.000769822940724 0.000769822940724 0.197074672825 0.000769822940724
0.760207869339 0.0475129918337 0.000742390497402 0.000742390497402 0.190051967335 0.000742390497402
0.483474976393 0.0302171860246 0.000472143531634 0.00188857412653 0.483474976393 0.000472143531634
0.166666666667 0.166666666667 0.166666666667 0.166666666667 0.166666666667 0.166666666667
0.190476190476 0.047619047619 0.190476190476 0.190476190476 0.190476190476 0.190476190476
0.111111111111 0.111111111111 0.111111111111 0.111111111111 0.444444444444 0.111111111111
0.166666666667 0.0416666666667 0.0416666666667 0.0416666666667 0.666666666667 0.0416666666667
0.0533333333333 0.0133333333333 0.0533333333333 0.0133333333333 0.853333333333 0.0133333333333
0.177777777778 0.0444444444444 0.0444444444444 0.0111111111111 0.711111111111 0.0111111111111
0.136752136752 0.136752136752 0.136752136752 0.034188034188 0.547008547009 0.00854700854701
0.179271708683 0.0448179271709 0.0448179271709 0.0112044817927 0.717086834734 0.00280112044818
0.466302367942 0.0291438979964 0.0291438979964 0.00728597449909 0.466302367942 0.00182149362477
0.166666666667 0.166666666667 0.166666666667 0.166666666667 0.166666666667 0.166666666667
0.0555555555556 0.222222222222 0.222222222222 0.222222222222 0.0555555555556 0.222222222222
0.166666666667 0.166666666667 0.166666666667 0.166666666667 0.166666666667 0.166666666667
0.0555555555556 0.222222222222 0.222222222222 0.222222222222 0.0555555555556 0.222222222222
0.166666666667 0.166666666667 0.166666666667 0.166666666667 0.166666666667 0.166666666667
0.0555555555556 0.222222222222 0.222222222222 0.222222222222 0.0555555555556 0.222222222222
