Price Resolution OpticalZoom DigitalZoom Weight StorageIncluded
0.166666666667 0.166666666667 0.166666666667 0.166666666667 0.166666666667 0.166666666667
0.266666666667 0.0666666666667 0.266666666667 0.266666666667 0.0666666666667 0.0666666666667
0.484848484848 0.121212121212 0.121212121212 0.121212121212 0.121212121212 0.030303030303
0.688172043011 0.172043010753 0.0430107526882 0.0430107526882 0.0430107526882 0.010752688172
0.898245614035 0.0561403508772 0.0140350877193 0.0140350877193 0.0140350877193 0.00350877192982
0.861952861953 0.0538720538721 0.013468013468 0.013468013468 0.0538720538721 0.003367003367
0.632098765432 0.158024691358 0.00987654320988 0.0395061728395 0.158024691358 0.00246913580247
0.428810720268 0.428810720268 0.00670016750419 0.0268006700168 0.107202680067 0.00167504187605
0.166666666667 0.166666666667 0.166666666667 0.166666666667 0.166666666667 0.166666666667
0.222222222222 0.0555555555556 0.222222222222 0.222222222222 0.0555555555556 0.222222222222
0.166666666667 0.166666666667 0.166666666667 0.166666666667 0.166666666667 0.166666666667
0.111111111111 0.111111111111 0.111111111111 0.111111111111 0.444444444444 0.111111111111
0.166666666667 0.166666666667 0.166666666667 0.166666666667 0.166666666667 0.166666666667
0.222222222222 0.0555555555556 0.0555555555556 0.222222222222 0.222222222222 0.222222222222
0.222222222222 0.0555555555556 0.0555555555556 0.222222222222 0.222222222222 0.222222222222
0.380952380952 0.0238095238095 0.0238095238095 0.0952380952381 0.380952380952 0.0952380952381
0.152380952381 0.0380952380952 0.00952380952381 0.152380952381 0.609523809524 0.0380952380952
0.0512820512821 0.0512820512821 0.0128205128205 0.0512820512821 0.820512820513 0.0128205128205
0.0444444444444 0.177777777778 0.0111111111111 0.0444444444444 0.711111111111 0.0111111111111
0.0141843971631 0.0567375886525 0.00354609929078 0.0141843971631 0.90780141844 0.00354609929078
0.0148975791434 0.0148975791434 0.000931098696462 0.0148975791434 0.953445065177 0.000931098696462
0.0037691401649 0.0150765606596 0.000235571260306 0.0150765606596 0.964899882214 0.000942285041225
0.0149079897508 0.0149079897508 0.000232937339856 0.0149079897508 0.954111344048 0.000931749359422
0.0142697881828 0.0570791527313 0.000222965440357 0.0142697881828 0.913266443701 0.000891861761427
0.011753902663 0.188062442608 0.000183654729109 0.047015610652 0.752249770432 0.000734618916437
0.166666666667 0.166666666667 0.166666666667 0.166666666667 0.166666666667 0.166666666667
0.0555555555556 0.222222222222 0.222222222222 0.222222222222 0.0555555555556 0.222222222222
0.047619047619 0.190476190476 0.190476190476 0.190476190476 0.190476190476 0.190476190476
0.111111111111 0.111111111111 0.111111111111 0.111111111111 0.444444444444 0.111111111111
0.333333333333 0.0833333333333 0.0833333333333 0.0833333333333 0.333333333333 0.0833333333333
0.333333333333 0.0833333333333 0.0833333333333 0.0833333333333 0.333333333333 0.0833333333333
0.190476190476 0.190476190476 0.190476190476 0.190476190476 0.190476190476 0.047619047619
0.280701754386 0.0701754385965 0.0701754385965 0.280701754386 0.280701754386 0.0175438596491
0.387878787879 0.0969696969697 0.0242424242424 0.387878787879 0.0969696969697 0.00606060606061
0.632098765432 0.158024691358 0.00987654320988 0.158024691358 0.0395061728395 0.00246913580247
0.872975277067 0.0545609548167 0.00341005967604 0.0545609548167 0.0136402387042 0.000852514919011
0.63800623053 0.159501557632 0.00249221183801 0.159501557632 0.0398753894081 0.000623052959502
0.326010824578 0.326010824578 0.00127347978351 0.326010824578 0.0203756765361 0.000318369945877
0.32477006026 0.32477006026 0.00507453219156 0.32477006026 0.0202981287663 0.000317158261973
0.166666666667 0.166666666667 0.166666666667 0.166666666667 0.166666666667 0.166666666667
0.0555555555556 0.222222222222 0.222222222222 0.222222222222 0.0555555555556 0.222222222222
0.047619047619 0.190476190476 0.190476190476 0.190476190476 0.190476190476 0.190476190476
