Price Resolution OpticalZoom DigitalZoom Weight StorageIncluded
0.166666666667 0.166666666667 0.166666666667 0.166666666667 0.166666666667 0.166666666667
0.0416666666667 0.291666666667 0.291666666667 0.0416666666667 0.0416666666667 0.291666666667
0.260416666667 0.0729166666667 0.322916666667 0.0104166666667 0.260416666667 0.0729166666667
0.130208333333 0.536458333333 0.161458333333 0.00520833333333 0.130208333333 0.0364583333333
0.376736111111 0.178819444444 0.0538194444444 0.00173611111111 0.376736111111 0.0121527777778
0.458912037037 0.0596064814815 0.0179398148148 0.000578703703704 0.458912037037 0.00405092592593
0.229456018519 0.0298032407407 0.00896990740741 0.500289351852 0.229456018519 0.00202546296296
0.30736400463 0.00745081018519 0.00224247685185 0.375072337963 0.30736400463 0.000506365740741
0.10245466821 0.335816936728 0.000747492283951 0.125024112654 0.10245466821 0.333502121914
0.03415155607 0.445272312243 0.00024916409465 0.375008037551 0.03415155607 0.111167373971
0.517075778035 0.222636156121 0.000124582047325 0.187504018776 0.017075778035 0.0555836869856
0.517075778035 0.222636156121 0.000124582047325 0.187504018776 0.017075778035 0.0555836869856
0.103415155607 0.244527231224 2.4916409465e-05 0.237500803755 0.203415155607 0.211116737397
0.103415155607 0.244527231224 2.4916409465e-05 0.237500803755 0.203415155607 0.211116737397
0.367805051869 0.0815090770748 8.30546982167e-06 0.079166934585 0.401138385202 0.070372245799
0.122601683956 0.360503025692 0.333336101823 0.026388978195 0.133712795067 0.0234574152663
0.374200561319 0.120167675231 0.111112033941 0.00879632606501 0.377904265022 0.00781913842212
0.12473352044 0.0400558917435 0.037037344647 0.336265442022 0.459301421674 0.00260637947404
0.0623667602198 0.520027945872 0.0185186723235 0.168132721011 0.229650710837 0.00130318973702
0.0311833801099 0.760013972936 0.00925933616176 0.0840663605054 0.114825355419 0.00065159486851
0.257795845027 0.190003493234 0.00231483404044 0.271016590126 0.278706338855 0.000162898717127
0.419265281676 0.0633344977447 0.000771611346813 0.0903388633755 0.0929021129515 0.333387632906
0.709632640838 0.0316672488723 0.000385805673407 0.0451694316877 0.0464510564758 0.166693816453
0.354816320419 0.0158336244362 0.000192902836703 0.522584715844 0.0232255282379 0.0833469082264
0.118272106806 0.00527787481205 6.43009455678e-05 0.507528238615 0.341075176079 0.0277823027421
0.0394240356021 0.335092624937 2.14336485226e-05 0.169176079538 0.11369172536 0.342594100914
0.0131413452007 0.111697541646 7.14454950753e-06 0.389725359846 0.37123057512 0.114198033638
0.5065706726 0.0558487708229 3.57227475376e-06 0.194862679923 0.18561528756 0.057099016819
0.5021902242 0.018616256941 1.19075825125e-06 0.064954226641 0.395205095853 0.0190330056063
0.12554755605 0.00465406423524 2.97689562814e-07 0.26623855666 0.348801273963 0.254758251402
0.12554755605 0.00465406423524 2.97689562814e-07 0.26623855666 0.348801273963 0.254758251402
0.0313868890125 0.251163516059 7.44223907034e-08 0.316559639165 0.0872003184908 0.31368956285
0.515693444506 0.125581758029 3.72111953517e-08 0.158279819583 0.0436001592454 0.156844781425
0.257846722253 0.0627908790147 1.86055976759e-08 0.0791399097913 0.521800079623 0.0784223907126
0.166666666667 0.166666666667 0.166666666667 0.166666666667 0.166666666667 0.166666666667
0.166666666667 0.166666666667 0.166666666667 0.166666666667 0.166666666667 0.166666666667
0.0416666666667 0.291666666667 0.291666666667 0.0416666666667 0.0416666666667 0.291666666667
0.260416666667 0.0729166666667 0.322916666667 0.0104166666667 0.260416666667 0.0729166666667
0.130208333333 0.536458333333 0.161458333333 0.00520833333333 0.130208333333 0.0364583333333
0.376736111111 0.178819444444 0.0538194444444 0.00173611111111 0.376736111111 0.0121527777778
0.458912037037 0.0596064814815 0.0179398148148 0.000578703703704 0.458912037037 0.00405092592593
0.229456018519 0.0298032407407 0.00896990740741 0.500289351852 0.229456018519 0.00202546296296
0.0573640046296 0.257450810185 0.00224247685185 0.375072337963 0.0573640046296 0.250506365741
0.0573640046296 0.257450810185 0.00224247685185 0.375072337963 0.0573640046296 0.250506365741
0.528682002315 0.128725405093 0.00112123842593 0.187536168981 0.0286820023148 0.12525318287
0.132170500579 0.282181351273 0.000280309606481 0.0468840422454 0.257170500579 0.281313295718
0.0660852502894 0.141090675637 0.500140154803 0.0234420211227 0.128585250289 0.140656647859
0.0220284167631 0.380363558546 0.500046718268 0.0078140070409 0.0428617500965 0.0468855492863
0.204405683353 0.0760727117091 0.100009343654 0.201562801408 0.208572350019 0.209377109857
0.401468561118 0.358690903903 0.0333364478845 0.0671876004694 0.0695241166731 0.0697923699524
0.133822853706 0.452896967968 0.0111121492948 0.355729200156 0.0231747055577 0.0232641233175
0.166666666667 0.166666666667 0.166666666667 0.166666666667 0.166666666667 0.166666666667
0.166666666667 0.166666666667 0.166666666667 0.166666666667 0.166666666667 0.166666666667
