Price Resolution OpticalZoom DigitalZoom Weight StorageIncluded
0.166666666667 0.166666666667 0.166666666667 0.166666666667 0.166666666667 0.166666666667
0.166666666667 0.166666666667 0.166666666667 0.166666666667 0.166666666667 0.166666666667
0.0833333333333 0.0833333333333 0.333333333333 0.333333333333 0.0833333333333 0.0833333333333
0.222222222222 0.0555555555556 0.222222222222 0.222222222222 0.222222222222 0.0555555555556
0.380952380952 0.0238095238095 0.0952380952381 0.0952380952381 0.380952380952 0.0238095238095
0.463768115942 0.00724637681159 0.0289855072464 0.0289855072464 0.463768115942 0.00724637681159
0.179271708683 0.0112044817927 0.0448179271709 0.0448179271709 0.717086834734 0.00280112044818
0.179271708683 0.0112044817927 0.0448179271709 0.0448179271709 0.717086834734 0.00280112044818
0.179271708683 0.0112044817927 0.0448179271709 0.0448179271709 0.717086834734 0.00280112044818
0.0545609548167 0.00341005967604 0.0545609548167 0.0136402387042 0.872975277067 0.000852514919011
0.163161249203 0.0101975780752 0.163161249203 0.0101975780752 0.652644996813 0.0006373486297
0.054042643023 0.0135106607558 0.054042643023 0.0135106607558 0.864682288368 0.000211104074309
0.0569363358354 0.00355852098971 0.0142340839589 0.0142340839589 0.910981373367 5.56018904643e-05
0.194519637175 0.00303936933086 0.0121574773235 0.0121574773235 0.778078548701 4.74901457947e-05
0.49134802819 0.00191932823512 0.00767731294047 0.00767731294047 0.49134802819 2.99895036737e-05
0.166666666667 0.166666666667 0.166666666667 0.166666666667 0.166666666667 0.166666666667
0.166666666667 0.166666666667 0.166666666667 0.166666666667 0.166666666667 0.166666666667
0.0555555555556 0.222222222222 0.222222222222 0.222222222222 0.0555555555556 0.222222222222
0.166666666667 0.166666666667 0.166666666667 0.166666666667 0.166666666667 0.166666666667
0.333333333333 0.0833333333333 0.0833333333333 0.0833333333333 0.333333333333 0.0833333333333
0.592592592593 0.037037037037 0.037037037037 0.148148148148 0.148148148148 0.037037037037
0.533333333333 0.133333333333 0.0333333333333 0.133333333333 0.133333333333 0.0333333333333
0.688172043011 0.0430107526882 0.0430107526882 0.0430107526882 0.172043010753 0.010752688172
0.361581920904 0.090395480226 0.090395480226 0.090395480226 0.361581920904 0.00564971751412
0.284444444444 0.284444444444 0.0711111111111 0.0711111111111 0.284444444444 0.00444444444444
0.153477218225 0.613908872902 0.0383693045564 0.0383693045564 0.153477218225 0.00239808153477
0.301531213192 0.301531213192 0.0188457008245 0.075382803298 0.301531213192 0.00117785630153
0.633271490414 0.158317872604 0.00989486703772 0.0395794681509 0.158317872604 0.000618429189858
0.429350104822 0.107337526205 0.00670859538784 0.0268343815514 0.429350104822 0.00041928721174
0.166666666667 0.166666666667 0.166666666667 0.166666666667 0.166666666667 0.166666666667
0.0833333333333 0.0833333333333 0.333333333333 0.333333333333 0.0833333333333 0.0833333333333
0.222222222222 0.0555555555556 0.222222222222 0.222222222222 0.222222222222 0.0555555555556
0.296296296296 0.0185185185185 0.0740740740741 0.296296296296 0.296296296296 0.0185185185185
0.140350877193 0.00877192982456 0.140350877193 0.561403508772 0.140350877193 0.00877192982456
0.0969696969697 0.0242424242424 0.0969696969697 0.387878787879 0.387878787879 0.00606060606061
0.158024691358 0.00987654320988 0.0395061728395 0.158024691358 0.632098765432 0.00246913580247
0.0992248062016 0.0062015503876 0.0992248062016 0.396899224806 0.396899224806 0.0015503875969
0.0992248062016 0.0062015503876 0.0992248062016 0.396899224806 0.396899224806 0.0015503875969
0.158317872604 0.00989486703772 0.0395794681509 0.633271490414 0.158317872604 0.000618429189858
0.0465031789282 0.0116257947321 0.0116257947321 0.744050862852 0.186012715713 0.000181653042688
0.0291937507127 0.0291937507127 0.00729843767818 0.467100011404 0.467100011404 0.000114038088722
0.0469186712486 0.0117296678121 0.00293241695304 0.187674684994 0.750698739977 4.58190148912e-05
