Price Resolution OpticalZoom DigitalZoom Weight StorageIncluded
0.166666666667 0.166666666667 0.166666666667 0.166666666667 0.166666666667 0.166666666667
0.0555555555556 0.0555555555556 0.388888888889 0.388888888889 0.0555555555556 0.0555555555556
0.0185185185185 0.351851851852 0.12962962963 0.12962962963 0.351851851852 0.0185185185185
0.33950617284 0.117283950617 0.0432098765432 0.0432098765432 0.450617283951 0.00617283950617
0.66975308642 0.0586419753086 0.0216049382716 0.0216049382716 0.225308641975 0.00308641975309
0.83487654321 0.0293209876543 0.0108024691358 0.0108024691358 0.112654320988 0.00154320987654
0.27829218107 0.343106995885 0.00360082304527 0.00360082304527 0.370884773663 0.000514403292181
0.0695730452675 0.335776748971 0.000900205761317 0.250900205761 0.342721193416 0.000128600823045
0.213914609053 0.0671553497942 0.200180041152 0.250180041152 0.268544238683 2.57201646091e-05
0.213914609053 0.0671553497942 0.200180041152 0.250180041152 0.268544238683 2.57201646091e-05
0.0534786522634 0.266788837449 0.300045010288 0.0625450102881 0.317136059671 6.43004115226e-06
0.166666666667 0.166666666667 0.166666666667 0.166666666667 0.166666666667 0.166666666667
0.291666666667 0.0416666666667 0.291666666667 0.291666666667 0.0416666666667 0.0416666666667
0.0972222222222 0.347222222222 0.0972222222222 0.0972222222222 0.347222222222 0.0138888888889
0.365740740741 0.115740740741 0.0324074074074 0.0324074074074 0.449074074074 0.00462962962963
0.68287037037 0.0578703703704 0.0162037037037 0.0162037037037 0.224537037037 0.00231481481481
0.341435185185 0.528935185185 0.00810185185185 0.00810185185185 0.112268518519 0.00115740740741
0.0853587962963 0.382233796296 0.00202546296296 0.252025462963 0.27806712963 0.000289351851852
0.217071759259 0.0764467592593 0.200405092593 0.250405092593 0.255613425926 5.78703703704e-05
0.40569058642 0.35881558642 0.0668016975309 0.0834683641975 0.0852044753086 1.92901234568e-05
0.135230195473 0.119605195473 0.0222672325103 0.361156121399 0.361734825103 6.43004115226e-06
0.0676150977366 0.0598025977366 0.0111336162551 0.1805780607 0.680867412551 3.21502057613e-06
0.355871699246 0.353267532579 0.00371120541838 0.0601926868999 0.226955804184 1.07167352538e-06
0.166666666667 0.166666666667 0.166666666667 0.166666666667 0.166666666667 0.166666666667
0.0416666666667 0.291666666667 0.0416666666667 0.291666666667 0.0416666666667 0.291666666667
0.0416666666667 0.291666666667 0.0416666666667 0.291666666667 0.0416666666667 0.291666666667
0.347222222222 0.0972222222222 0.0138888888889 0.0972222222222 0.347222222222 0.0972222222222
0.336805555556 0.0243055555556 0.00347222222222 0.274305555556 0.336805555556 0.0243055555556
0.168402777778 0.512152777778 0.00173611111111 0.137152777778 0.168402777778 0.0121527777778
0.168402777778 0.512152777778 0.00173611111111 0.137152777778 0.168402777778 0.0121527777778
0.292100694444 0.378038194444 0.000434027777778 0.0342881944444 0.292100694444 0.00303819444444
0.430700231481 0.126012731481 0.000144675925926 0.0114293981481 0.430700231481 0.00101273148148
0.47690007716 0.0420042438272 4.8225308642e-05 0.00380979938272 0.47690007716 0.000337577160494
0.23845003858 0.521002121914 2.4112654321e-05 0.00190489969136 0.23845003858 0.000168788580247
0.0794833461934 0.507000707305 0.333341370885 0.000634966563786 0.0794833461934 5.62628600823e-05
0.539741673097 0.253500353652 0.166670685442 0.000317483281893 0.0397416730967 2.81314300412e-05
0.513247224366 0.0845001178841 0.0555568951475 0.000105827760631 0.346580557699 9.37714334705e-06
0.128311806091 0.271125029471 0.0138892237869 0.25002645694 0.336645139425 2.34428583676e-06
0.376103935364 0.423708343157 0.00462974126229 0.0833421523134 0.112215046475 7.81428612254e-07
0.166666666667 0.166666666667 0.166666666667 0.166666666667 0.166666666667 0.166666666667
0.166666666667 0.166666666667 0.166666666667 0.166666666667 0.166666666667 0.166666666667
