Price Resolution OpticalZoom DigitalZoom Weight StorageIncluded
0.166666666667 0.166666666667 0.166666666667 0.166666666667 0.166666666667 0.166666666667
0.166666666667 0.166666666667 0.166666666667 0.166666666667 0.166666666667 0.166666666667
0.266666666667 0.0666666666667 0.266666666667 0.266666666667 0.0666666666667 0.0666666666667
0.533333333333 0.0333333333333 0.133333333333 0.133333333333 0.133333333333 0.0333333333333
0.711111111111 0.0111111111111 0.0444444444444 0.0444444444444 0.177777777778 0.0111111111111
0.463768115942 0.00724637681159 0.0289855072464 0.0289855072464 0.463768115942 0.00724637681159
0.426666666667 0.00666666666667 0.0266666666667 0.106666666667 0.426666666667 0.00666666666667
0.636815920398 0.00248756218905 0.0398009950249 0.1592039801 0.1592039801 0.00248756218905
0.428810720268 0.00670016750419 0.0268006700168 0.107202680067 0.428810720268 0.00167504187605
0.187545787546 0.0029304029304 0.0117216117216 0.0468864468864 0.750183150183 0.000732600732601
0.196733909702 0.000768491834774 0.0030739673391 0.0122958693564 0.786935638809 0.000192122958694
0.0584975721223 0.00091402456441 0.00091402456441 0.00365609825764 0.935961153956 5.71265352756e-05
0.199057199786 0.000777567186665 0.000777567186665 0.00311026874666 0.796228799145 4.85979491665e-05
0.166666666667 0.166666666667 0.166666666667 0.166666666667 0.166666666667 0.166666666667
0.222222222222 0.0555555555556 0.222222222222 0.222222222222 0.222222222222 0.0555555555556
0.355555555556 0.0888888888889 0.0888888888889 0.0888888888889 0.355555555556 0.0222222222222
0.45390070922 0.0283687943262 0.0283687943262 0.0283687943262 0.45390070922 0.00709219858156
0.418300653595 0.0261437908497 0.0261437908497 0.104575163399 0.418300653595 0.00653594771242
0.300469483568 0.018779342723 0.075117370892 0.300469483568 0.300469483568 0.00469483568075
0.324461343473 0.00506970849176 0.020278833967 0.324461343473 0.324461343473 0.00126742712294
0.163161249203 0.0101975780752 0.0101975780752 0.163161249203 0.652644996813 0.0006373486297
0.153753753754 0.0384384384384 0.0384384384384 0.153753753754 0.615015015015 0.000600600600601
0.186012715713 0.0116257947321 0.0116257947321 0.0465031789282 0.744050862852 0.000181653042688
0.467100011404 0.0291937507127 0.00729843767818 0.0291937507127 0.467100011404 0.000114038088722
0.187674684994 0.0117296678121 0.00293241695304 0.0469186712486 0.750698739977 4.58190148912e-05
0.1812950914 0.04532377285 0.00283273580312 0.04532377285 0.7251803656 4.42614969238e-05
0.188094828081 0.0470237070203 0.000734745422192 0.0117559267551 0.752379312324 1.14803972217e-05
0.166666666667 0.166666666667 0.166666666667 0.166666666667 0.166666666667 0.166666666667
0.0666666666667 0.266666666667 0.266666666667 0.266666666667 0.0666666666667 0.0666666666667
0.121212121212 0.484848484848 0.121212121212 0.121212121212 0.121212121212 0.030303030303
0.172043010753 0.688172043011 0.0430107526882 0.0430107526882 0.0430107526882 0.010752688172
0.136752136752 0.547008547009 0.034188034188 0.136752136752 0.136752136752 0.00854700854701
0.361581920904 0.361581920904 0.090395480226 0.090395480226 0.090395480226 0.00564971751412
0.137634408602 0.550537634409 0.0344086021505 0.137634408602 0.137634408602 0.00215053763441
0.389649923896 0.389649923896 0.0243531202435 0.0974124809741 0.0974124809741 0.00152207001522
0.179649122807 0.718596491228 0.0112280701754 0.0449122807018 0.0449122807018 0.000701754385965
0.137856758212 0.551427032849 0.034464189553 0.137856758212 0.137856758212 0.000538502961766
0.141573344394 0.566293377575 0.00884833402461 0.141573344394 0.141573344394 0.000138255219135
0.166666666667 0.166666666667 0.166666666667 0.166666666667 0.166666666667 0.166666666667
0.0666666666667 0.266666666667 0.266666666667 0.266666666667 0.0666666666667 0.0666666666667
0.121212121212 0.484848484848 0.121212121212 0.121212121212 0.121212121212 0.030303030303
0.172043010753 0.688172043011 0.0430107526882 0.0430107526882 0.0430107526882 0.010752688172
0.136752136752 0.547008547009 0.034188034188 0.136752136752 0.136752136752 0.00854700854701
0.361581920904 0.361581920904 0.090395480226 0.090395480226 0.090395480226 0.00564971751412
0.137634408602 0.550537634409 0.0344086021505 0.137634408602 0.137634408602 0.00215053763441
0.0517799352751 0.828478964401 0.0129449838188 0.0517799352751 0.0517799352751 0.00323624595469
0.158024691358 0.632098765432 0.00987654320988 0.0395061728395 0.158024691358 0.00246913580247
0.0468864468864 0.750183150183 0.0029304029304 0.0117216117216 0.187545787546 0.000732600732601
0.10788032027 0.431521281079 0.00168563000421 0.0269700800674 0.431521281079 0.000421407501054
