Price Resolution OpticalZoom DigitalZoom Weight StorageIncluded
0.166666666667 0.166666666667 0.166666666667 0.166666666667 0.166666666667 0.166666666667
0.266666666667 0.0666666666667 0.266666666667 0.266666666667 0.0666666666667 0.0666666666667
0.484848484848 0.121212121212 0.121212121212 0.121212121212 0.121212121212 0.030303030303
0.688172043011 0.0430107526882 0.0430107526882 0.0430107526882 0.172043010753 0.010752688172
0.418300653595 0.104575163399 0.0261437908497 0.0261437908497 0.418300653595 0.00653594771242
0.300469483568 0.300469483568 0.018779342723 0.075117370892 0.300469483568 0.00469483568075
0.389649923896 0.0974124809741 0.0243531202435 0.0974124809741 0.389649923896 0.00152207001522
0.466940264478 0.0291837665299 0.00729594163247 0.0291837665299 0.466940264478 0.000455996352029
0.187648891332 0.0469122228331 0.00293201392707 0.0117280557083 0.750595565329 0.000183250870442
0.196762261613 0.0122976413508 0.000768602584426 0.0030744103377 0.787049046452 4.80376615266e-05
0.0579046326533 0.0144761581633 0.000226189971302 0.000904759885209 0.926474122454 1.41368732064e-05
0.197338151159 0.0123336344475 0.000192713038241 0.000770852152966 0.789352604637 1.20445648901e-05
0.166666666667 0.166666666667 0.166666666667 0.166666666667 0.166666666667 0.166666666667
0.266666666667 0.266666666667 0.0666666666667 0.266666666667 0.0666666666667 0.0666666666667
0.380952380952 0.380952380952 0.0238095238095 0.0952380952381 0.0952380952381 0.0238095238095
0.177777777778 0.711111111111 0.0111111111111 0.0444444444444 0.0444444444444 0.0111111111111
0.395061728395 0.395061728395 0.00617283950617 0.0987654320988 0.0987654320988 0.00617283950617
0.723163841808 0.180790960452 0.00282485875706 0.045197740113 0.045197740113 0.00282485875706
0.751835535977 0.187958883994 0.000734214390602 0.0117474302496 0.0469897209985 0.000734214390602
0.480751173709 0.480751173709 0.000469483568075 0.0075117370892 0.0300469483568 0.000469483568075
0.786935638809 0.196733909702 0.000768491834774 0.0030739673391 0.0122958693564 0.000192122958694
0.480920511917 0.480920511917 0.000469648937419 0.00751438299871 0.0300575319948 0.000117412234355
0.441141626279 0.441141626279 0.000430802369413 0.00689283791061 0.11028540657 0.000107700592353
0.166666666667 0.166666666667 0.166666666667 0.166666666667 0.166666666667 0.166666666667
0.0666666666667 0.266666666667 0.266666666667 0.266666666667 0.0666666666667 0.0666666666667
0.121212121212 0.484848484848 0.121212121212 0.121212121212 0.121212121212 0.030303030303
0.0430107526882 0.688172043011 0.0430107526882 0.0430107526882 0.172043010753 0.010752688172
0.012012012012 0.768768768769 0.012012012012 0.012012012012 0.192192192192 0.003003003003
0.0463768115942 0.742028985507 0.0115942028986 0.0115942028986 0.185507246377 0.00289855072464
0.0448179271709 0.717086834734 0.0112044817927 0.0448179271709 0.179271708683 0.00280112044818
0.106666666667 0.426666666667 0.00666666666667 0.0266666666667 0.426666666667 0.00666666666667
0.106666666667 0.426666666667 0.00666666666667 0.0266666666667 0.426666666667 0.00666666666667
0.304761904762 0.304761904762 0.0047619047619 0.0761904761905 0.304761904762 0.0047619047619
0.166666666667 0.166666666667 0.166666666667 0.166666666667 0.166666666667 0.166666666667
0.0555555555556 0.222222222222 0.0555555555556 0.222222222222 0.222222222222 0.222222222222
0.0555555555556 0.222222222222 0.0555555555556 0.222222222222 0.222222222222 0.222222222222
0.121212121212 0.121212121212 0.030303030303 0.121212121212 0.484848484848 0.121212121212
0.0430107526882 0.0430107526882 0.010752688172 0.172043010753 0.688172043011 0.0430107526882
0.136752136752 0.136752136752 0.00854700854701 0.136752136752 0.547008547009 0.034188034188
0.0448179271709 0.179271708683 0.00280112044818 0.0448179271709 0.717086834734 0.0112044817927
0.158024691358 0.158024691358 0.00246913580247 0.0395061728395 0.632098765432 0.00987654320988
0.107202680067 0.428810720268 0.00167504187605 0.0268006700168 0.428810720268 0.00670016750419
0.046783625731 0.748538011696 0.00292397660819 0.0116959064327 0.187134502924 0.00292397660819
0.109401709402 0.437606837607 0.00683760683761 0.00683760683761 0.437606837607 0.0017094017094
0.16569579288 0.16569579288 0.00258899676375 0.00258899676375 0.662783171521 0.000647249190939
0.164418754014 0.164418754014 0.0102761721259 0.00256904303147 0.657675016057 0.000642260757868
0.438168592212 0.109542148053 0.00684638425332 0.00684638425332 0.438168592212 0.000427899015832
0.165776266796 0.165776266796 0.00259025416869 0.00259025416869 0.663105067185 0.000161890885543
0.1101430569 0.4405722276 0.00172098526406 0.00688394105625 0.4405722276 0.000107561579004
0.326088687206 0.326088687206 0.0012737839344 0.0203805429504 0.326088687206 7.96114959e-05
0.326088687206 0.326088687206 0.0012737839344 0.0203805429504 0.326088687206 7.96114959e-05
0.164835607067 0.659342428267 0.000643889090104 0.0103022254417 0.164835607067 4.02430681315e-05
0.16492022749 0.65968090996 0.000161054909658 0.0103075142181 0.16492022749 1.00659318536e-05
0.11032996633 0.44131986532 0.000107744107744 0.00689562289562 0.44131986532 2.6936026936e-05
0.0474749933354 0.189899973342 4.63622981791e-05 0.00296718708346 0.759599893367 1.15905745448e-05
0.0555064318213 0.0555064318213 1.35513749564e-05 0.000867287997208 0.888102909141 3.3878437391e-06
0.190331808611 0.0475829521528 1.16169316779e-05 0.000743483627387 0.761327234444 2.90423291948e-06
0.166556113826 0.166556113826 1.01657784318e-05 0.000650609819634 0.666224455305 2.54144460794e-06
0.166666666667 0.166666666667 0.166666666667 0.166666666667 0.166666666667 0.166666666667
0.0833333333333 0.0833333333333 0.333333333333 0.333333333333 0.0833333333333 0.0833333333333
0.190476190476 0.190476190476 0.190476190476 0.190476190476 0.190476190476 0.047619047619
0.0888888888889 0.355555555556 0.0888888888889 0.0888888888889 0.355555555556 0.0222222222222
0.136752136752 0.136752136752 0.136752136752 0.034188034188 0.547008547009 0.00854700854701
0.361581920904 0.090395480226 0.090395480226 0.090395480226 0.361581920904 0.00564971751412
0.137634408602 0.137634408602 0.0344086021505 0.137634408602 0.550537634409 0.00215053763441
0.0974124809741 0.389649923896 0.0243531202435 0.0974124809741 0.389649923896 0.00152207001522
0.158317872604 0.158317872604 0.00989486703772 0.0395794681509 0.633271490414 0.000618429189858
0.141514648977 0.141514648977 0.00884466556108 0.141514648977 0.566058595909 0.000552791597568
0.142519137091 0.142519137091 0.00222686151705 0.142519137091 0.570076548365 0.000139178844816
0.166666666667 0.166666666667 0.166666666667 0.166666666667 0.166666666667 0.166666666667
0.166666666667 0.166666666667 0.166666666667 0.166666666667 0.166666666667 0.166666666667
0.0666666666667 0.266666666667 0.266666666667 0.266666666667 0.0666666666667 0.0666666666667
0.121212121212 0.484848484848 0.121212121212 0.121212121212 0.121212121212 0.030303030303
0.0430107526882 0.688172043011 0.0430107526882 0.0430107526882 0.172043010753 0.010752688172
0.012012012012 0.768768768769 0.012012012012 0.012012012012 0.192192192192 0.003003003003
0.0463768115942 0.742028985507 0.0115942028986 0.0115942028986 0.185507246377 0.00289855072464
0.0448179271709 0.717086834734 0.0112044817927 0.0448179271709 0.179271708683 0.00280112044818
0.106666666667 0.426666666667 0.00666666666667 0.0266666666667 0.426666666667 0.00666666666667
0.106666666667 0.426666666667 0.00666666666667 0.0266666666667 0.426666666667 0.00666666666667
0.304761904762 0.304761904762 0.0047619047619 0.0761904761905 0.304761904762 0.0047619047619
0.166666666667 0.166666666667 0.166666666667 0.166666666667 0.166666666667 0.166666666667
0.0555555555556 0.222222222222 0.222222222222 0.222222222222 0.0555555555556 0.222222222222
0.111111111111 0.444444444444 0.111111111111 0.111111111111 0.111111111111 0.111111111111
0.0416666666667 0.666666666667 0.0416666666667 0.0416666666667 0.166666666667 0.0416666666667
0.0119047619048 0.761904761905 0.0119047619048 0.0119047619048 0.190476190476 0.0119047619048
0.0459770114943 0.735632183908 0.0114942528736 0.0114942528736 0.183908045977 0.0114942528736
0.156862745098 0.627450980392 0.00980392156863 0.0392156862745 0.156862745098 0.00980392156863
0.156862745098 0.627450980392 0.00980392156863 0.0392156862745 0.156862745098 0.00980392156863
0.152380952381 0.609523809524 0.0380952380952 0.0380952380952 0.152380952381 0.00952380952381
0.0538720538721 0.861952861953 0.013468013468 0.013468013468 0.0538720538721 0.003367003367
0.166666666667 0.166666666667 0.166666666667 0.166666666667 0.166666666667 0.166666666667
0.222222222222 0.222222222222 0.0555555555556 0.222222222222 0.0555555555556 0.222222222222
0.222222222222 0.222222222222 0.0555555555556 0.222222222222 0.0555555555556 0.222222222222
0.484848484848 0.121212121212 0.030303030303 0.121212121212 0.121212121212 0.121212121212
0.355555555556 0.0888888888889 0.0222222222222 0.0888888888889 0.355555555556 0.0888888888889
0.266666666667 0.266666666667 0.0666666666667 0.0666666666667 0.266666666667 0.0666666666667
0.380952380952 0.0952380952381 0.0238095238095 0.0952380952381 0.380952380952 0.0238095238095
0.296296296296 0.296296296296 0.0185185185185 0.0740740740741 0.296296296296 0.0185185185185
0.387878787879 0.387878787879 0.00606060606061 0.0969696969697 0.0969696969697 0.0242424242424
0.717086834734 0.179271708683 0.00280112044818 0.0448179271709 0.0448179271709 0.0112044817927
0.166666666667 0.166666666667 0.166666666667 0.166666666667 0.166666666667 0.166666666667
0.222222222222 0.0555555555556 0.222222222222 0.222222222222 0.222222222222 0.0555555555556
0.355555555556 0.0888888888889 0.0888888888889 0.0888888888889 0.355555555556 0.0222222222222
0.45390070922 0.0283687943262 0.0283687943262 0.0283687943262 0.45390070922 0.00709219858156
0.742028985507 0.0115942028986 0.0115942028986 0.0463768115942 0.185507246377 0.00289855072464
0.428810720268 0.0268006700168 0.00670016750419 0.107202680067 0.428810720268 0.00167504187605
0.438168592212 0.00684638425332 0.00684638425332 0.109542148053 0.438168592212 0.000427899015832
0.429350104822 0.0268343815514 0.00670859538784 0.107337526205 0.429350104822 0.00041928721174
0.18127102142 0.0453177553549 0.00283235970968 0.0453177553549 0.725084085679 0.000177022481855
0.194964063021 0.0121852539388 0.000761578371174 0.0121852539388 0.779856252082 4.75986481984e-05
0.0577478887338 0.0144369721835 0.000225577690366 0.00360924304586 0.923966219741 1.40986056479e-05
0.196882848456 0.0123051780285 0.000192268406696 0.00307629450713 0.787531393826 1.20167754185e-05
