Price Resolution OpticalZoom DigitalZoom Weight StorageIncluded
0.166666666667 0.166666666667 0.166666666667 0.166666666667 0.166666666667 0.166666666667
0.177777777778 0.177777777778 0.111111111111 0.177777777778 0.177777777778 0.177777777778
0.177777777778 0.177777777778 0.111111111111 0.177777777778 0.177777777778 0.177777777778
0.231481481481 0.148148148148 0.0925925925926 0.148148148148 0.231481481481 0.148148148148
0.210437710438 0.13468013468 0.0841750841751 0.13468013468 0.301346801347 0.13468013468
0.191307009489 0.213345576982 0.0765228037955 0.122436486073 0.273951637588 0.122436486073
0.242755841241 0.177787980818 0.0637690031629 0.102030405061 0.311626364657 0.102030405061
0.244825600886 0.198419986299 0.0455492879735 0.144307432186 0.294018831898 0.0728788607576
0.313477818987 0.180381805726 0.0414084436123 0.131188574715 0.26728984718 0.0662535097797
0.284979835443 0.25489255066 0.0376440396475 0.11926234065 0.242990770163 0.0602304634361
0.237483196203 0.295743792217 0.114703366373 0.0993852838748 0.202492308469 0.0501920528634
0.281235996836 0.246453160181 0.0955861386441 0.0828210698957 0.252076923725 0.0418267107195
0.346578178941 0.224048327437 0.0868964896765 0.0752918817233 0.22916083975 0.0380242824723
0.343521676109 0.249267944182 0.14376653052 0.0579168320949 0.176277569038 0.0292494480556
0.264247443161 0.191744572448 0.187512715785 0.121474486227 0.212521206952 0.0224995754274
0.260176745115 0.20838898032 0.133937654132 0.158196061591 0.223229433537 0.0160711253053
0.236524313741 0.189444527564 0.121761503756 0.143814601446 0.293844939579 0.0146101139139
0.30593119431 0.172222297785 0.110692276142 0.130740546769 0.267131763254 0.0132819217399
0.254942661925 0.226851914821 0.0922435634518 0.108950455641 0.305943136045 0.0110682681166
0.212452218271 0.272376595684 0.0768696362099 0.174125379701 0.254952613371 0.00922355676381
0.163424783285 0.286443535142 0.0591304893922 0.210865676693 0.273040471824 0.00709504366447
