Price Resolution OpticalZoom DigitalZoom Weight StorageIncluded
0.166666666667 0.166666666667 0.166666666667 0.166666666667 0.166666666667 0.166666666667
0.0833333333333 0.0833333333333 0.333333333333 0.333333333333 0.0833333333333 0.0833333333333
0.222222222222 0.0555555555556 0.222222222222 0.222222222222 0.222222222222 0.0555555555556
0.280701754386 0.0701754385965 0.0701754385965 0.280701754386 0.280701754386 0.0175438596491
0.231884057971 0.231884057971 0.0579710144928 0.231884057971 0.231884057971 0.0144927536232
0.0969696969697 0.387878787879 0.0242424242424 0.0969696969697 0.387878787879 0.00606060606061
0.300469483568 0.300469483568 0.018779342723 0.075117370892 0.300469483568 0.00469483568075
0.428810720268 0.428810720268 0.00670016750419 0.0268006700168 0.107202680067 0.00167504187605
0.63800623053 0.159501557632 0.00249221183801 0.0398753894081 0.159501557632 0.000623052959502
0.326010824578 0.326010824578 0.00127347978351 0.0203756765361 0.326010824578 0.000318369945877
0.166666666667 0.166666666667 0.166666666667 0.166666666667 0.166666666667 0.166666666667
0.222222222222 0.0555555555556 0.222222222222 0.222222222222 0.222222222222 0.0555555555556
0.355555555556 0.0888888888889 0.0888888888889 0.0888888888889 0.355555555556 0.0222222222222
0.152380952381 0.152380952381 0.0380952380952 0.0380952380952 0.609523809524 0.00952380952381
0.185507246377 0.0463768115942 0.0115942028986 0.0115942028986 0.742028985507 0.00289855072464
0.185507246377 0.0463768115942 0.0115942028986 0.0115942028986 0.742028985507 0.00289855072464
0.158024691358 0.158024691358 0.0395061728395 0.00987654320988 0.632098765432 0.00246913580247
0.428810720268 0.107202680067 0.0268006700168 0.00670016750419 0.428810720268 0.00167504187605
0.480075011721 0.0300046882325 0.00750117205813 0.00187529301453 0.480075011721 0.000468823253633
0.196733909702 0.0122958693564 0.0030739673391 0.000768491834774 0.786935638809 0.000192122958694
0.0578629146183 0.0144657286546 0.000904108040911 0.000904108040911 0.925806633893 5.65067525569e-05
0.197217006115 0.0123260628822 0.000770378930136 0.000770378930136 0.78886802446 4.81486831335e-05
0.166666666667 0.166666666667 0.166666666667 0.166666666667 0.166666666667 0.166666666667
0.0666666666667 0.266666666667 0.266666666667 0.266666666667 0.0666666666667 0.0666666666667
0.121212121212 0.484848484848 0.121212121212 0.121212121212 0.121212121212 0.030303030303
0.0430107526882 0.688172043011 0.0430107526882 0.0430107526882 0.172043010753 0.010752688172
0.104575163399 0.418300653595 0.0261437908497 0.0261437908497 0.418300653595 0.00653594771242
0.162849872774 0.162849872774 0.0101781170483 0.0101781170483 0.651399491094 0.00254452926209
0.437606837607 0.109401709402 0.00683760683761 0.00683760683761 0.437606837607 0.0017094017094
0.16569579288 0.16569579288 0.00258899676375 0.00258899676375 0.662783171521 0.000647249190939
0.047539461467 0.190157845868 0.000742804085422 0.000742804085422 0.760631383473 0.000185701021356
0.0302278899516 0.483646239225 0.00188924312197 0.000472310780494 0.483646239225 0.000118077695123
0.00774701165078 0.49580874565 0.000484188228174 0.000121047057043 0.49580874565 3.02617642609e-05
0.166666666667 0.166666666667 0.166666666667 0.166666666667 0.166666666667 0.166666666667
0.0555555555556 0.222222222222 0.0555555555556 0.222222222222 0.222222222222 0.222222222222
0.0555555555556 0.222222222222 0.0555555555556 0.222222222222 0.222222222222 0.222222222222
0.121212121212 0.121212121212 0.030303030303 0.121212121212 0.484848484848 0.121212121212
0.166666666667 0.166666666667 0.166666666667 0.166666666667 0.166666666667 0.166666666667
0.190476190476 0.047619047619 0.190476190476 0.190476190476 0.190476190476 0.190476190476
0.333333333333 0.0833333333333 0.0833333333333 0.0833333333333 0.333333333333 0.0833333333333
0.148148148148 0.148148148148 0.037037037037 0.037037037037 0.592592592593 0.037037037037
0.183908045977 0.0459770114943 0.0114942528736 0.0114942528736 0.735632183908 0.0114942528736
0.183908045977 0.0459770114943 0.0114942528736 0.0114942528736 0.735632183908 0.0114942528736
0.156862745098 0.156862745098 0.0392156862745 0.00980392156863 0.627450980392 0.00980392156863
0.187134502924 0.046783625731 0.0116959064327 0.00292397660819 0.748538011696 0.00292397660819
0.164102564103 0.164102564103 0.0102564102564 0.0025641025641 0.65641025641 0.0025641025641
0.0468864468864 0.187545787546 0.0117216117216 0.0029304029304 0.750183150183 0.000732600732601
0.0551605257488 0.0551605257488 0.0034475328593 0.0034475328593 0.88256841198 0.000215470803706
0.189314106119 0.0473285265299 0.00295803290812 0.00295803290812 0.757256424478 0.000184877056757
