Price Resolution OpticalZoom DigitalZoom Weight StorageIncluded
0.166666666667 0.166666666667 0.166666666667 0.166666666667 0.166666666667 0.166666666667
0.0555555555556 0.222222222222 0.0555555555556 0.222222222222 0.222222222222 0.222222222222
0.0555555555556 0.222222222222 0.0555555555556 0.222222222222 0.222222222222 0.222222222222
0.121212121212 0.121212121212 0.030303030303 0.121212121212 0.484848484848 0.121212121212
0.0430107526882 0.0430107526882 0.010752688172 0.172043010753 0.688172043011 0.0430107526882
0.136752136752 0.136752136752 0.00854700854701 0.136752136752 0.547008547009 0.034188034188
0.0448179271709 0.179271708683 0.00280112044818 0.0448179271709 0.717086834734 0.0112044817927
0.158024691358 0.158024691358 0.00246913580247 0.0395061728395 0.632098765432 0.00987654320988
0.107202680067 0.428810720268 0.00167504187605 0.0268006700168 0.428810720268 0.00670016750419
0.046783625731 0.748538011696 0.00292397660819 0.0116959064327 0.187134502924 0.00292397660819
0.0297951582868 0.476722532588 0.00186219739292 0.00744878957169 0.476722532588 0.00744878957169
0.0473022912047 0.189209164819 0.000739098300074 0.0029563932003 0.756836659276 0.0029563932003
0.0468864468864 0.187545787546 0.000732600732601 0.0029304029304 0.750183150183 0.0117216117216
0.0553035212789 0.0553035212789 0.000216029379996 0.000864117519983 0.884856340462 0.00345647007993
0.0144657286546 0.0578629146183 5.65067525569e-05 0.000904108040911 0.925806633893 0.000904108040911
0.0554562686163 0.0554562686163 5.41565123206e-05 0.00086650419713 0.887300297861 0.00086650419713
0.0475460834842 0.190184333937 4.64317221526e-05 0.000742907554441 0.760737335748 0.000742907554441
0.030273466371 0.484375461936 2.9563932003e-05 0.000473022912047 0.484375461936 0.000473022912047
0.110867505752 0.443470023007 2.70672621464e-05 0.000433076194343 0.443470023007 0.00173230477737
0.111050109464 0.444200437856 6.77796078272e-06 0.000108447372524 0.444200437856 0.000433789490094
0.0476078397187 0.190431358875 2.90575193596e-06 4.64920309753e-05 0.7617254355 0.000185968123901
0.0555517411202 0.0555517411202 8.47652299808e-07 1.35624367969e-05 0.888827857923 5.42497471877e-05
0.166632659223 0.166632659223 6.35653149502e-07 4.06818015682e-05 0.666530636893 0.000162727206273
0.11108681539 0.444347261562 1.69505028367e-06 0.000108483218155 0.444347261562 0.000108483218155
0.0476079434714 0.190431773886 7.26439567129e-07 4.64921322963e-05 0.761727095542 0.000185968529185
0.166666666667 0.166666666667 0.166666666667 0.166666666667 0.166666666667 0.166666666667
0.190476190476 0.190476190476 0.047619047619 0.190476190476 0.190476190476 0.190476190476
0.190476190476 0.190476190476 0.047619047619 0.190476190476 0.190476190476 0.190476190476
0.355555555556 0.0888888888889 0.0222222222222 0.0888888888889 0.355555555556 0.0888888888889
0.266666666667 0.266666666667 0.0666666666667 0.0666666666667 0.266666666667 0.0666666666667
0.410256410256 0.102564102564 0.025641025641 0.025641025641 0.410256410256 0.025641025641
0.152380952381 0.152380952381 0.00952380952381 0.0380952380952 0.609523809524 0.0380952380952
0.162849872774 0.162849872774 0.00254452926209 0.0101781170483 0.651399491094 0.0101781170483
0.0551248923342 0.0551248923342 0.000861326442722 0.00344530577089 0.881998277347 0.00344530577089
0.189209164819 0.0473022912047 0.000739098300074 0.0029563932003 0.756836659276 0.0029563932003
0.189209164819 0.0473022912047 0.000739098300074 0.0029563932003 0.756836659276 0.0029563932003
0.165374677003 0.165374677003 0.00258397932817 0.00258397932817 0.66149870801 0.00258397932817
0.442141623489 0.110535405872 0.00172711571675 0.00172711571675 0.442141623489 0.00172711571675
0.437606837607 0.109401709402 0.00683760683761 0.00683760683761 0.437606837607 0.0017094017094
0.164102564103 0.164102564103 0.0025641025641 0.0102564102564 0.65641025641 0.0025641025641
0.166018158236 0.166018158236 0.00064850843061 0.00259403372244 0.664072632944 0.00064850843061
0.166018158236 0.166018158236 0.00064850843061 0.00259403372244 0.664072632944 0.00064850843061
0.190263842438 0.0475659606094 0.000185804533631 0.000743218134522 0.761055369751 0.000185804533631
0.166422883146 0.166422883146 0.000162522346823 0.000650089387291 0.665691532586 0.000650089387291
0.190290360046 0.0475725900116 4.64576074332e-05 0.000743321718931 0.761161440186 0.000185830429733
0.190296990604 0.0475742476509 1.16148065554e-05 0.000743347619545 0.761187962414 0.000185836904886
0.0579544047682 0.0144886011921 3.5372561504e-06 0.000226384393626 0.927270476292 5.65960984065e-05
0.166666666667 0.166666666667 0.166666666667 0.166666666667 0.166666666667 0.166666666667
0.166666666667 0.166666666667 0.166666666667 0.166666666667 0.166666666667 0.166666666667
0.222222222222 0.222222222222 0.0555555555556 0.222222222222 0.222222222222 0.0555555555556
0.222222222222 0.222222222222 0.0555555555556 0.222222222222 0.222222222222 0.0555555555556
0.380952380952 0.0952380952381 0.0238095238095 0.0952380952381 0.380952380952 0.0238095238095
0.426666666667 0.0266666666667 0.00666666666667 0.106666666667 0.426666666667 0.00666666666667
0.380952380952 0.0952380952381 0.0238095238095 0.0952380952381 0.380952380952 0.0238095238095
0.463768115942 0.0289855072464 0.00724637681159 0.0289855072464 0.463768115942 0.00724637681159
0.187134502924 0.046783625731 0.00292397660819 0.0116959064327 0.748538011696 0.00292397660819
0.439862542955 0.109965635739 0.00171821305842 0.00687285223368 0.439862542955 0.00171821305842
0.758518518519 0.0474074074074 0.000740740740741 0.00296296296296 0.18962962963 0.000740740740741
0.664072632944 0.166018158236 0.00064850843061 0.00259403372244 0.166018158236 0.00064850843061
0.331391585761 0.331391585761 0.000323624595469 0.00517799352751 0.331391585761 0.000323624595469
0.166179811749 0.664719246998 0.000162284972412 0.00259655955858 0.166179811749 0.000162284972412
0.11028540657 0.441141626279 0.000107700592353 0.00689283791061 0.441141626279 0.000430802369413
0.11090352801 0.443614112041 2.70760566431e-05 0.00173286762516 0.443614112041 0.000108304226572
0.332866053107 0.332866053107 2.03165315617e-05 0.00130025801995 0.332866053107 8.12661262469e-05
0.166549764671 0.166549764671 1.01653909101e-05 0.000650585018247 0.666199058685 4.06615636404e-05
0.166549764671 0.166549764671 1.01653909101e-05 0.000650585018247 0.666199058685 4.06615636404e-05
0.11104785143 0.44419140572 2.71112918531e-05 0.000433780669649 0.44419140572 0.000108445167412
0.166549764671 0.166549764671 1.01653909101e-05 0.000650585018247 0.666199058685 4.06615636404e-05
0.111056884117 0.444227536468 2.71134970989e-05 0.000433815953582 0.444227536468 2.71134970989e-05
0.166666666667 0.166666666667 0.166666666667 0.166666666667 0.166666666667 0.166666666667
0.222222222222 0.0555555555556 0.0555555555556 0.222222222222 0.222222222222 0.222222222222
0.222222222222 0.0555555555556 0.0555555555556 0.222222222222 0.222222222222 0.222222222222
0.380952380952 0.0238095238095 0.0238095238095 0.0952380952381 0.380952380952 0.0952380952381
0.688172043011 0.0430107526882 0.010752688172 0.0430107526882 0.172043010753 0.0430107526882
0.609523809524 0.152380952381 0.00952380952381 0.0380952380952 0.152380952381 0.0380952380952
0.387878787879 0.0969696969697 0.00606060606061 0.0969696969697 0.387878787879 0.0242424242424
0.389649923896 0.0974124809741 0.00152207001522 0.0974124809741 0.389649923896 0.0243531202435
0.466940264478 0.0291837665299 0.000455996352029 0.0291837665299 0.466940264478 0.00729594163247
0.396899224806 0.0992248062016 0.0015503875969 0.0992248062016 0.396899224806 0.0062015503876
0.179649122807 0.0449122807018 0.000701754385965 0.0449122807018 0.718596491228 0.0112280701754
