Price Resolution OpticalZoom DigitalZoom Weight StorageIncluded
0.166666666667 0.166666666667 0.166666666667 0.166666666667 0.166666666667 0.166666666667
0.0555555555556 0.222222222222 0.222222222222 0.222222222222 0.0555555555556 0.222222222222
0.111111111111 0.111111111111 0.444444444444 0.111111111111 0.111111111111 0.111111111111
0.0666666666667 0.266666666667 0.266666666667 0.0666666666667 0.266666666667 0.0666666666667
0.0333333333333 0.533333333333 0.133333333333 0.0333333333333 0.133333333333 0.133333333333
0.0833333333333 0.333333333333 0.0833333333333 0.0833333333333 0.333333333333 0.0833333333333
0.0952380952381 0.380952380952 0.0238095238095 0.0952380952381 0.380952380952 0.0238095238095
0.156862745098 0.156862745098 0.00980392156863 0.0392156862745 0.627450980392 0.00980392156863
0.164102564103 0.164102564103 0.0025641025641 0.0102564102564 0.65641025641 0.0025641025641
0.107744107744 0.430976430976 0.0016835016835 0.026936026936 0.430976430976 0.0016835016835
0.045390070922 0.181560283688 0.000709219858156 0.045390070922 0.726241134752 0.000709219858156
0.159800249688 0.159800249688 0.000624219725343 0.039950062422 0.639200998752 0.000624219725343
0.108016877637 0.432067510549 0.00042194092827 0.0270042194093 0.432067510549 0.00042194092827
0.0454384096557 0.727014554491 0.000177493787717 0.0454384096557 0.181753638623 0.000177493787717
0.0270127677535 0.432204284056 0.000422074496149 0.108051071014 0.432204284056 0.000105518624037
0.0454444592376 0.18177783695 0.000177517418897 0.0454444592376 0.727111347801 4.43793547242e-05
0.15989382051 0.15989382051 0.000624585236366 0.0399734551275 0.639575282039 3.90365772729e-05
0.0999585133123 0.399834053249 0.000390462942626 0.0999585133123 0.399834053249 2.44039339141e-05
0.0270234607975 0.43237537276 0.00010556039374 0.10809384319 0.43237537276 2.63900984351e-05
0.166666666667 0.166666666667 0.166666666667 0.166666666667 0.166666666667 0.166666666667
0.190476190476 0.190476190476 0.047619047619 0.190476190476 0.190476190476 0.190476190476
0.190476190476 0.190476190476 0.047619047619 0.190476190476 0.190476190476 0.190476190476
0.190476190476 0.190476190476 0.047619047619 0.190476190476 0.190476190476 0.190476190476
0.121212121212 0.121212121212 0.030303030303 0.121212121212 0.484848484848 0.121212121212
0.0430107526882 0.172043010753 0.010752688172 0.0430107526882 0.688172043011 0.0430107526882
0.0538720538721 0.0538720538721 0.003367003367 0.013468013468 0.861952861953 0.013468013468
0.0448179271709 0.179271708683 0.00280112044818 0.0448179271709 0.717086834734 0.0112044817927
0.0268006700168 0.428810720268 0.00167504187605 0.107202680067 0.428810720268 0.00670016750419
0.0116959064327 0.748538011696 0.00292397660819 0.046783625731 0.187134502924 0.00292397660819
0.029304029304 0.468864468864 0.0018315018315 0.029304029304 0.468864468864 0.0018315018315
0.0469897209985 0.187958883994 0.000734214390602 0.0117474302496 0.751835535977 0.000734214390602
0.0468864468864 0.187545787546 0.0029304029304 0.0117216117216 0.750183150183 0.000732600732601
0.046783625731 0.187134502924 0.00292397660819 0.0116959064327 0.748538011696 0.00292397660819
0.109965635739 0.439862542955 0.00171821305842 0.00687285223368 0.439862542955 0.00171821305842
0.0300469483568 0.480751173709 0.000469483568075 0.0075117370892 0.480751173709 0.000469483568075
0.0474601408973 0.189840563589 0.00018539117538 0.00296625880608 0.759362254357 0.00018539117538
0.0553573359282 0.0553573359282 5.40598983674e-05 0.00345983349551 0.885717374851 5.40598983674e-05
0.0474667408334 0.189866963334 4.63542390952e-05 0.00296667130209 0.759467853335 0.000185416956381
0.0123065089895 0.196904143832 4.80723007403e-05 0.00307662724738 0.787616575329 4.80723007403e-05
0.0144792285286 0.0579169141144 1.413987161e-05 0.000904951783038 0.926670625831 1.413987161e-05
0.0144786143514 0.0579144574054 5.655708731e-05 0.00090491339696 0.926631318487 1.41392718275e-05
0.0144792285286 0.0579169141144 1.413987161e-05 0.000904951783038 0.926670625831 1.413987161e-05
0.0123354173443 0.197366677508 1.20463060003e-05 0.000770963584017 0.789466710033 4.81852240011e-05
0.166666666667 0.166666666667 0.166666666667 0.166666666667 0.166666666667 0.166666666667
0.166666666667 0.166666666667 0.166666666667 0.166666666667 0.166666666667 0.166666666667
0.222222222222 0.222222222222 0.0555555555556 0.222222222222 0.222222222222 0.0555555555556
0.222222222222 0.222222222222 0.0555555555556 0.222222222222 0.222222222222 0.0555555555556
0.133333333333 0.133333333333 0.0333333333333 0.133333333333 0.533333333333 0.0333333333333
0.177777777778 0.0444444444444 0.0111111111111 0.0444444444444 0.711111111111 0.0111111111111
0.463768115942 0.0289855072464 0.00724637681159 0.0289855072464 0.463768115942 0.00724637681159
0.193939393939 0.0121212121212 0.0030303030303 0.0121212121212 0.775757575758 0.0030303030303
0.187134502924 0.046783625731 0.00292397660819 0.0116959064327 0.748538011696 0.00292397660819
0.0570409982175 0.0142602495544 0.000891265597148 0.0142602495544 0.91265597148 0.000891265597148
0.194824961948 0.0121765601218 0.00076103500761 0.0121765601218 0.779299847793 0.00076103500761
0.187958883994 0.0469897209985 0.000734214390602 0.0117474302496 0.751835535977 0.000734214390602
0.196847366398 0.0123029603998 0.000192233756248 0.00307574009996 0.78738946559 0.000192233756248
0.189840563589 0.0474601408973 0.00018539117538 0.00296625880608 0.759362254357 0.00018539117538
0.188062442608 0.047015610652 0.000734618916437 0.011753902663 0.752249770432 0.000183654729109
0.0547447206629 0.0547447206629 0.000855386260358 0.0136861801657 0.875915530607 5.34616412724e-05
0.0577478887338 0.0144369721835 0.000225577690366 0.00360924304586 0.923966219741 1.40986056479e-05
0.196882848456 0.0123051780285 0.000192268406696 0.00307629450713 0.787531393826 1.20167754185e-05
0.0585508800143 0.00365943000089 5.7178593764e-05 0.000914857500223 0.936814080229 3.57366211025e-06
0.0579144574054 0.0144786143514 5.655708731e-05 0.00090491339696 0.926631318487 1.41392718275e-05
0.0555036112579 0.0555036112579 5.42027453691e-05 0.000867243925905 0.888057780127 1.35506863423e-05
0.0579568648675 0.0144892162169 1.41496252118e-05 0.000226394003389 0.927309837881 3.53740630295e-06
0.0555058676857 0.0555058676857 1.3551237228e-05 0.000867279182589 0.888093882972 1.3551237228e-05
0.190330150322 0.0475825375804 1.1616830464e-05 0.000743477149694 0.761320601287 1.1616830464e-05
0.166666666667 0.166666666667 0.166666666667 0.166666666667 0.166666666667 0.166666666667
0.222222222222 0.0555555555556 0.0555555555556 0.222222222222 0.222222222222 0.222222222222
0.222222222222 0.0555555555556 0.0555555555556 0.222222222222 0.222222222222 0.222222222222
0.190476190476 0.047619047619 0.190476190476 0.190476190476 0.190476190476 0.190476190476
0.231884057971 0.0144927536232 0.231884057971 0.231884057971 0.231884057971 0.0579710144928
0.387878787879 0.00606060606061 0.0969696969697 0.0969696969697 0.387878787879 0.0242424242424
0.355555555556 0.0222222222222 0.0888888888889 0.0888888888889 0.355555555556 0.0888888888889
0.410256410256 0.025641025641 0.025641025641 0.025641025641 0.410256410256 0.102564102564
0.183908045977 0.0114942528736 0.0114942528736 0.0114942528736 0.735632183908 0.0459770114943
0.195718654434 0.00305810397554 0.00305810397554 0.00305810397554 0.782874617737 0.0122324159021
0.493256262042 0.0019267822736 0.0019267822736 0.0019267822736 0.493256262042 0.00770712909441
0.198449612403 0.0031007751938 0.00077519379845 0.00077519379845 0.793798449612 0.0031007751938
0.196620583717 0.00307219662058 0.000768049155146 0.000768049155146 0.786482334869 0.0122887864823
0.0584875485492 0.000913867946082 0.00022846698652 0.000913867946082 0.935800776788 0.00365547178433
0.0586987675552 0.00091716824305 5.73230151906e-05 0.000229292060762 0.939180280883 0.00091716824305
0.0586886749198 0.000917010545621 0.000229252636405 0.000229252636405 0.939018798716 0.000917010545621
0.0587897577219 0.000229647491101 5.74118727753e-05 5.74118727753e-05 0.94063612355 0.000229647491101
0.0587796337753 0.000229607944435 0.000229607944435 5.74019861087e-05 0.940474140405 0.000229607944435
0.0587391728331 0.000917799575518 0.000229449893879 5.73624734699e-05 0.93982676533 0.000229449893879
0.199610136452 0.000779727095517 0.000779727095517 0.000194931773879 0.798440545809 0.000194931773879
0.0587796337753 0.000229607944435 0.000229607944435 0.000229607944435 0.940474140405 5.74019861087e-05
0.0587391728331 0.000917799575518 0.000229449893879 0.000229449893879 0.93982676533 5.73624734699e-05
0.199756157035 0.000780297488417 0.000195074372104 0.000195074372104 0.799024628139 4.87685930261e-05
0.0588024175603 0.000229696943595 5.74242358988e-05 5.74242358988e-05 0.940838680965 1.43560589747e-05
0.199814625104 0.000780525879311 4.87828674569e-05 4.87828674569e-05 0.799258500415 4.87828674569e-05
0.0587644543916 0.000918194599868 1.43467906229e-05 1.43467906229e-05 0.940231270265 5.73871624918e-05
0.0585979971388 0.00366237482117 5.72246065808e-05 5.72246065808e-05 0.93756795422 5.72246065808e-05
0.199347836667 0.00311480994792 4.86689054363e-05 4.86689054363e-05 0.797391346669 4.86689054363e-05
