Price Resolution OpticalZoom DigitalZoom Weight StorageIncluded
0.166666666667 0.166666666667 0.166666666667 0.166666666667 0.166666666667 0.166666666667
0.0416666666667 0.291666666667 0.291666666667 0.0416666666667 0.0416666666667 0.291666666667
0.260416666667 0.0729166666667 0.322916666667 0.0104166666667 0.260416666667 0.0729166666667
0.0868055555556 0.357638888889 0.107638888889 0.00347222222222 0.420138888889 0.0243055555556
0.0289351851852 0.452546296296 0.0358796296296 0.00115740740741 0.140046296296 0.341435185185
0.257233796296 0.113136574074 0.00896990740741 0.250289351852 0.285011574074 0.0853587962963
0.257233796296 0.113136574074 0.00896990740741 0.250289351852 0.285011574074 0.0853587962963
0.419077932099 0.037712191358 0.0029899691358 0.0834297839506 0.428337191358 0.0284529320988
0.139692644033 0.345904063786 0.000996656378601 0.0278099279835 0.142779063786 0.342817644033
0.227938528807 0.269180812757 0.00019933127572 0.205561985597 0.228555812757 0.0685635288066
0.245587705761 0.0538361625514 0.200039866255 0.241112397119 0.245711162551 0.0137127057613
0.41519590192 0.0179453875171 0.0666799554184 0.0803707990398 0.415237054184 0.00457090192044
0.20759795096 0.508972693759 0.0333399777092 0.0401853995199 0.207618527092 0.00228545096022
0.0691993169867 0.50299089792 0.0111133259031 0.0133951331733 0.0692061756973 0.33409515032
0.0230664389956 0.500996965973 0.00370444196769 0.0044650443911 0.356402058566 0.111365050107
0.341022146332 0.166998988658 0.00123481398923 0.00148834813037 0.452134019522 0.0371216833689
0.085255536583 0.291749747164 0.000308703497307 0.250372087033 0.11303350488 0.259280420842
0.0426277682915 0.145874873582 0.000154351748654 0.125186043516 0.55651675244 0.129640210421
0.166666666667 0.166666666667 0.166666666667 0.166666666667 0.166666666667 0.166666666667
0.166666666667 0.166666666667 0.166666666667 0.166666666667 0.166666666667 0.166666666667
0.166666666667 0.166666666667 0.166666666667 0.166666666667 0.166666666667 0.166666666667
0.233333333333 0.233333333333 0.0333333333333 0.233333333333 0.233333333333 0.0333333333333
0.116666666667 0.116666666667 0.516666666667 0.116666666667 0.116666666667 0.0166666666667
0.0583333333333 0.0583333333333 0.758333333333 0.0583333333333 0.0583333333333 0.00833333333333
0.352777777778 0.0194444444444 0.252777777778 0.0194444444444 0.352777777778 0.00277777777778
0.338194444444 0.00486111111111 0.0631944444444 0.254861111111 0.338194444444 0.000694444444444
0.112731481481 0.334953703704 0.0210648148148 0.0849537037037 0.112731481481 0.333564814815
0.222546296296 0.266990740741 0.00421296296296 0.0169907407407 0.222546296296 0.266712962963
0.611273148148 0.13349537037 0.00210648148148 0.00849537037037 0.111273148148 0.133356481481
0.537091049383 0.0444984567901 0.000702160493827 0.00283179012346 0.370424382716 0.0444521604938
0.268545524691 0.522249228395 0.000351080246914 0.00141589506173 0.185212191358 0.0222260802469
0.0895151748971 0.507416409465 0.333450360082 0.000471965020576 0.0617373971193 0.00740869341564
0.363171724966 0.169138803155 0.111150120027 0.000157321673525 0.353912465706 0.00246956447188
0.681585862483 0.0845694015775 0.0555750600137 7.86608367627e-05 0.176956232853 0.00123478223594
0.840792931241 0.0422847007888 0.0277875300069 3.93304183813e-05 0.0884781164266 0.00061739111797
0.280264310414 0.347428233596 0.00926251000229 1.31101394604e-05 0.362826038809 0.000205797039323
0.280264310414 0.347428233596 0.00926251000229 1.31101394604e-05 0.362826038809 0.000205797039323
0.0700660776035 0.336857058399 0.00231562750057 3.27753486511e-06 0.340706509702 0.25005144926
0.267516519401 0.0842142645998 0.000578906875143 0.250000819384 0.335176627426 0.062512862315
0.0891721731336 0.361404754867 0.000192968958381 0.0833336064612 0.111725542475 0.354170954105
0.272293043283 0.0903511887166 4.82422395952e-05 0.270833401615 0.277931385619 0.0885427385262
0.272293043283 0.0903511887166 4.82422395952e-05 0.270833401615 0.277931385619 0.0885427385262
0.166666666667 0.166666666667 0.166666666667 0.166666666667 0.166666666667 0.166666666667
0.233333333333 0.233333333333 0.0333333333333 0.233333333333 0.233333333333 0.0333333333333
0.233333333333 0.233333333333 0.0333333333333 0.233333333333 0.233333333333 0.0333333333333
0.411111111111 0.0777777777778 0.0111111111111 0.0777777777778 0.411111111111 0.0111111111111
0.352777777778 0.0194444444444 0.00277777777778 0.269444444444 0.352777777778 0.00277777777778
0.0881944444444 0.254861111111 0.250694444444 0.0673611111111 0.0881944444444 0.250694444444
0.0440972222222 0.127430555556 0.125347222222 0.0336805555556 0.544097222222 0.125347222222
0.208819444444 0.225486111111 0.0250694444444 0.00673611111111 0.308819444444 0.225069444444
0.208819444444 0.225486111111 0.0250694444444 0.00673611111111 0.308819444444 0.225069444444
0.402939814815 0.075162037037 0.00835648148148 0.00224537037037 0.436273148148 0.0750231481481
0.134313271605 0.358387345679 0.00278549382716 0.000748456790123 0.145424382716 0.358341049383
0.226862654321 0.271677469136 0.000557098765432 0.200149691358 0.229084876543 0.0716682098765
0.30671566358 0.067919367284 0.000139274691358 0.30003742284 0.0572712191358 0.267917052469
0.65335783179 0.033959683642 6.9637345679e-05 0.15001871142 0.0286356095679 0.133958526235
0.65335783179 0.033959683642 6.9637345679e-05 0.15001871142 0.0286356095679 0.133958526235
0.330671566358 0.0067919367284 1.39274691358e-05 0.230003742284 0.205727121914 0.226791705247
0.110223855453 0.335597312243 4.64248971193e-06 0.0766679140947 0.401909040638 0.0755972350823
0.0551119277263 0.667798656121 2.32124485597e-06 0.0383339570473 0.200954520319 0.0377986175412
0.0137779819316 0.16694966403 5.80311213992e-07 0.259583489262 0.30023863008 0.259449654385
0.337925993977 0.0556498880101 1.93437071331e-07 0.0865278297539 0.433412876693 0.0864832181284
0.0844814984943 0.263912472003 0.250000048359 0.0216319574385 0.358353219173 0.0216208045321
0.0281604994981 0.421304157334 0.0833333494531 0.0072106524795 0.119451073058 0.340540268177
0.014080249749 0.710652078667 0.0416666747265 0.00360532623975 0.0597255365289 0.170270134089
0.253520062437 0.177663019667 0.0104166686816 0.25090133156 0.264931384132 0.0425675335222
0.626760031219 0.0888315098334 0.00520833434082 0.12545066578 0.132465692066 0.0212837667611
0.208920010406 0.362943836611 0.33506944478 0.0418168885933 0.0441552306887 0.00709458892036
0.104460005203 0.681471918306 0.16753472239 0.0209084442967 0.0220776153444 0.00354729446018
0.0261150013008 0.420367979576 0.0418836805975 0.255227111074 0.00551940383609 0.250886823615
0.20522300026 0.0840735959153 0.20837673612 0.251045422215 0.201103880767 0.050177364723
0.10261150013 0.542036797958 0.10418836806 0.125522711107 0.100551940384 0.0250886823615
0.275652875033 0.135509199489 0.0260470920149 0.0313806777769 0.275137985096 0.25627217059
