Price Resolution OpticalZoom DigitalZoom Weight StorageIncluded
0.166666666667 0.166666666667 0.166666666667 0.166666666667 0.166666666667 0.166666666667
0.266666666667 0.0666666666667 0.266666666667 0.266666666667 0.0666666666667 0.0666666666667
0.533333333333 0.0333333333333 0.133333333333 0.133333333333 0.133333333333 0.0333333333333
0.355555555556 0.0888888888889 0.0888888888889 0.0888888888889 0.355555555556 0.0222222222222
0.280701754386 0.280701754386 0.0701754385965 0.0701754385965 0.280701754386 0.0175438596491
0.136752136752 0.547008547009 0.136752136752 0.034188034188 0.136752136752 0.00854700854701
0.300469483568 0.300469483568 0.075117370892 0.018779342723 0.300469483568 0.00469483568075
0.396899224806 0.0992248062016 0.0992248062016 0.0062015503876 0.396899224806 0.0015503875969
0.166666666667 0.166666666667 0.166666666667 0.166666666667 0.166666666667 0.166666666667
0.166666666667 0.166666666667 0.166666666667 0.166666666667 0.166666666667 0.166666666667
0.266666666667 0.0666666666667 0.266666666667 0.266666666667 0.0666666666667 0.0666666666667
0.533333333333 0.0333333333333 0.133333333333 0.133333333333 0.133333333333 0.0333333333333
0.484848484848 0.121212121212 0.121212121212 0.121212121212 0.121212121212 0.030303030303
0.609523809524 0.0380952380952 0.152380952381 0.0380952380952 0.152380952381 0.00952380952381
0.547008547009 0.136752136752 0.136752136752 0.034188034188 0.136752136752 0.00854700854701
0.361581920904 0.090395480226 0.090395480226 0.090395480226 0.361581920904 0.00564971751412
0.166666666667 0.166666666667 0.166666666667 0.166666666667 0.166666666667 0.166666666667
0.166666666667 0.166666666667 0.166666666667 0.166666666667 0.166666666667 0.166666666667
0.190476190476 0.190476190476 0.047619047619 0.190476190476 0.190476190476 0.190476190476
0.190476190476 0.190476190476 0.047619047619 0.190476190476 0.190476190476 0.190476190476
0.355555555556 0.0888888888889 0.0222222222222 0.0888888888889 0.355555555556 0.0888888888889
0.688172043011 0.0430107526882 0.010752688172 0.0430107526882 0.172043010753 0.0430107526882
0.688172043011 0.0430107526882 0.010752688172 0.0430107526882 0.172043010753 0.0430107526882
0.693766937669 0.0433604336043 0.00271002710027 0.0433604336043 0.173441734417 0.0433604336043
0.613908872902 0.153477218225 0.00239808153477 0.0383693045564 0.153477218225 0.0383693045564
0.319600499376 0.319600499376 0.00124843945069 0.019975031211 0.319600499376 0.019975031211
0.163161249203 0.652644996813 0.0006373486297 0.0101975780752 0.163161249203 0.0101975780752
0.32477006026 0.32477006026 0.000317158261973 0.0202981287663 0.32477006026 0.00507453219156
0.657991967871 0.164497991968 0.000160642570281 0.010281124498 0.164497991968 0.0025702811245
0.875915530607 0.0547447206629 5.34616412724e-05 0.0136861801657 0.0547447206629 0.000855386260358
