Price Resolution OpticalZoom DigitalZoom Weight StorageIncluded
0.166666666667 0.166666666667 0.166666666667 0.166666666667 0.166666666667 0.166666666667
0.0666666666667 0.266666666667 0.266666666667 0.0666666666667 0.0666666666667 0.266666666667
0.121212121212 0.121212121212 0.484848484848 0.030303030303 0.121212121212 0.121212121212
0.0888888888889 0.355555555556 0.355555555556 0.0222222222222 0.0888888888889 0.0888888888889
0.231884057971 0.231884057971 0.231884057971 0.0144927536232 0.231884057971 0.0579710144928
0.380952380952 0.0952380952381 0.0952380952381 0.0238095238095 0.380952380952 0.0238095238095
0.156862745098 0.156862745098 0.0392156862745 0.00980392156863 0.627450980392 0.00980392156863
0.152380952381 0.152380952381 0.0380952380952 0.0380952380952 0.609523809524 0.00952380952381
0.0952380952381 0.380952380952 0.0238095238095 0.0952380952381 0.380952380952 0.0238095238095
0.0888888888889 0.355555555556 0.0888888888889 0.0888888888889 0.355555555556 0.0222222222222
0.0416666666667 0.666666666667 0.0416666666667 0.0416666666667 0.166666666667 0.0416666666667
0.0952380952381 0.380952380952 0.0238095238095 0.0952380952381 0.380952380952 0.0238095238095
0.0444444444444 0.177777777778 0.0111111111111 0.0444444444444 0.711111111111 0.0111111111111
0.0448179271709 0.179271708683 0.00280112044818 0.0448179271709 0.717086834734 0.0112044817927
0.158024691358 0.158024691358 0.00246913580247 0.0395061728395 0.632098765432 0.00987654320988
0.107202680067 0.428810720268 0.00167504187605 0.0268006700168 0.428810720268 0.00670016750419
0.324461343473 0.324461343473 0.00126742712294 0.020278833967 0.324461343473 0.00506970849176
0.657675016057 0.164418754014 0.000642260757868 0.0102761721259 0.164418754014 0.00256904303147
0.439862542955 0.439862542955 0.00171821305842 0.00687285223368 0.109965635739 0.00171821305842
0.164736164736 0.658944658945 0.000643500643501 0.010296010296 0.164736164736 0.000643500643501
0.331391585761 0.331391585761 0.000323624595469 0.00517799352751 0.331391585761 0.000323624595469
0.326322498407 0.326322498407 0.00031867431485 0.0203951561504 0.326322498407 0.00031867431485
0.164895330113 0.659581320451 0.000161030595813 0.010305958132 0.164895330113 0.000161030595813
0.108085286046 0.432341144184 0.000105552037154 0.0270213215115 0.432341144184 0.000105552037154
0.166666666667 0.166666666667 0.166666666667 0.166666666667 0.166666666667 0.166666666667
0.190476190476 0.190476190476 0.047619047619 0.190476190476 0.190476190476 0.190476190476
0.190476190476 0.190476190476 0.047619047619 0.190476190476 0.190476190476 0.190476190476
0.355555555556 0.0888888888889 0.0222222222222 0.0888888888889 0.355555555556 0.0888888888889
0.355555555556 0.0888888888889 0.0222222222222 0.0888888888889 0.355555555556 0.0888888888889
0.166666666667 0.166666666667 0.166666666667 0.166666666667 0.166666666667 0.166666666667
0.0666666666667 0.266666666667 0.0666666666667 0.266666666667 0.0666666666667 0.266666666667
0.0666666666667 0.266666666667 0.0666666666667 0.266666666667 0.0666666666667 0.266666666667
0.0666666666667 0.266666666667 0.0666666666667 0.266666666667 0.0666666666667 0.266666666667
0.222222222222 0.222222222222 0.0555555555556 0.222222222222 0.0555555555556 0.222222222222
0.355555555556 0.0888888888889 0.0222222222222 0.355555555556 0.0888888888889 0.0888888888889
0.166666666667 0.166666666667 0.166666666667 0.166666666667 0.166666666667 0.166666666667
0.166666666667 0.166666666667 0.166666666667 0.166666666667 0.166666666667 0.166666666667
0.0555555555556 0.222222222222 0.0555555555556 0.222222222222 0.222222222222 0.222222222222
0.0555555555556 0.222222222222 0.0555555555556 0.222222222222 0.222222222222 0.222222222222
0.0555555555556 0.222222222222 0.0555555555556 0.222222222222 0.222222222222 0.222222222222
0.190476190476 0.190476190476 0.047619047619 0.190476190476 0.190476190476 0.190476190476
0.280701754386 0.0701754385965 0.0175438596491 0.280701754386 0.280701754386 0.0701754385965
