Price Resolution OpticalZoom DigitalZoom Weight StorageIncluded
0.166666666667 0.166666666667 0.166666666667 0.166666666667 0.166666666667 0.166666666667
0.166666666667 0.166666666667 0.166666666667 0.166666666667 0.166666666667 0.166666666667
0.166666666667 0.166666666667 0.166666666667 0.166666666667 0.166666666667 0.166666666667
0.0555555555556 0.222222222222 0.0555555555556 0.222222222222 0.222222222222 0.222222222222
0.0555555555556 0.222222222222 0.0555555555556 0.222222222222 0.222222222222 0.222222222222
0.047619047619 0.190476190476 0.190476190476 0.190476190476 0.190476190476 0.190476190476
0.0833333333333 0.0833333333333 0.0833333333333 0.333333333333 0.333333333333 0.0833333333333
0.148148148148 0.037037037037 0.037037037037 0.148148148148 0.592592592593 0.037037037037
0.183908045977 0.0114942528736 0.0114942528736 0.0459770114943 0.735632183908 0.0114942528736
0.0567375886525 0.0141843971631 0.00354609929078 0.0141843971631 0.90780141844 0.00354609929078
0.187134502924 0.046783625731 0.00292397660819 0.0116959064327 0.748538011696 0.00292397660819
0.187134502924 0.046783625731 0.00292397660819 0.0116959064327 0.748538011696 0.00292397660819
0.162849872774 0.162849872774 0.00254452926209 0.0101781170483 0.651399491094 0.0101781170483
0.108843537415 0.43537414966 0.00680272108844 0.00680272108844 0.43537414966 0.00680272108844
0.0463768115942 0.185507246377 0.00289855072464 0.0115942028986 0.742028985507 0.0115942028986
0.0551248923342 0.0551248923342 0.000861326442722 0.00344530577089 0.881998277347 0.00344530577089
0.0553035212789 0.0553035212789 0.000216029379996 0.00345647007993 0.884856340462 0.000864117519983
0.189735037984 0.047433759496 0.000185288123031 0.0029646099685 0.758940151936 0.000741152492125
0.166098945661 0.166098945661 0.000162206001622 0.00259529602595 0.664395782644 0.000648824006488
0.110858503843 0.443434015373 0.000108260257659 0.00173216412255 0.443434015373 0.000433041030638
0.332440548657 0.332440548657 8.11622433244e-05 0.00129859589319 0.332440548657 0.00129859589319
0.333109687913 0.333109687913 2.03314018502e-05 0.000325302429603 0.333109687913 0.000325302429603
0.166666666667 0.166666666667 0.166666666667 0.166666666667 0.166666666667 0.166666666667
0.222222222222 0.222222222222 0.0555555555556 0.222222222222 0.222222222222 0.0555555555556
0.222222222222 0.222222222222 0.0555555555556 0.222222222222 0.222222222222 0.0555555555556
0.380952380952 0.0952380952381 0.0238095238095 0.0952380952381 0.380952380952 0.0238095238095
0.426666666667 0.0266666666667 0.00666666666667 0.106666666667 0.426666666667 0.00666666666667
0.380952380952 0.0952380952381 0.0238095238095 0.0952380952381 0.380952380952 0.0238095238095
0.177777777778 0.0444444444444 0.0111111111111 0.0444444444444 0.711111111111 0.0111111111111
0.187134502924 0.046783625731 0.00292397660819 0.0116959064327 0.748538011696 0.00292397660819
0.162849872774 0.162849872774 0.0101781170483 0.0101781170483 0.651399491094 0.00254452926209
0.189209164819 0.0473022912047 0.0029563932003 0.0029563932003 0.756836659276 0.000739098300074
0.482791136256 0.030174446016 0.001885902876 0.001885902876 0.482791136256 0.000471475719
0.788298691301 0.0123171670516 0.000769822940724 0.000769822940724 0.197074672825 0.000769822940724
0.760207869339 0.0475129918337 0.000742390497402 0.000742390497402 0.190051967335 0.000742390497402
0.483474976393 0.0302171860246 0.000472143531634 0.00188857412653 0.483474976393 0.000472143531634
0.440430107527 0.110107526882 0.000430107526882 0.00688172043011 0.440430107527 0.00172043010753
0.483646239225 0.0302278899516 0.000118077695123 0.00188924312197 0.483646239225 0.000472310780494
0.442858687426 0.110714671856 0.000108119796735 0.00172991674776 0.442858687426 0.00172991674776
0.760737335748 0.0475460834842 4.64317221526e-05 0.000742907554441 0.190184333937 0.000742907554441
0.760737335748 0.0475460834842 4.64317221526e-05 0.000742907554441 0.190184333937 0.000742907554441
0.789352604637 0.0123336344475 1.20445648901e-05 0.000770852152966 0.197338151159 0.000192713038241
0.483699783746 0.0302312364841 7.38067296976e-06 0.00188945228026 0.483699783746 0.000472363070065
0.166666666667 0.166666666667 0.166666666667 0.166666666667 0.166666666667 0.166666666667
