Price Resolution OpticalZoom DigitalZoom Weight StorageIncluded
0.166666666667 0.166666666667 0.166666666667 0.166666666667 0.166666666667 0.166666666667
0.190476190476 0.190476190476 0.047619047619 0.190476190476 0.190476190476 0.190476190476
0.190476190476 0.190476190476 0.047619047619 0.190476190476 0.190476190476 0.190476190476
0.355555555556 0.0888888888889 0.0222222222222 0.0888888888889 0.355555555556 0.0888888888889
0.280701754386 0.280701754386 0.0175438596491 0.0701754385965 0.280701754386 0.0701754385965
0.136752136752 0.136752136752 0.00854700854701 0.136752136752 0.547008547009 0.034188034188
0.158024691358 0.158024691358 0.00246913580247 0.0395061728395 0.632098765432 0.00987654320988
0.428810720268 0.107202680067 0.00167504187605 0.0268006700168 0.428810720268 0.00670016750419
0.724699221515 0.0452937013447 0.00070771408351 0.0452937013447 0.181174805379 0.00283085633404
0.63800623053 0.159501557632 0.000623052959502 0.0398753894081 0.159501557632 0.00249221183801
0.307230723072 0.307230723072 0.000300030003 0.0768076807681 0.307230723072 0.001200120012
0.432204284056 0.108051071014 0.000105518624037 0.0270127677535 0.432204284056 0.000422074496149
0.727111347801 0.0454444592376 4.43793547242e-05 0.0454444592376 0.18177783695 0.000177517418897
0.63980006248 0.15995001562 0.000156201187129 0.039987503905 0.15995001562 0.000156201187129
0.307646086826 0.307646086826 7.51089079165e-05 0.0769115217065 0.307646086826 7.51089079165e-05
0.159987500976 0.639950003906 3.90594484806e-05 0.0399968752441 0.159987500976 3.90594484806e-05
0.307680751174 0.307680751174 1.8779342723e-05 0.0769201877934 0.307680751174 1.8779342723e-05
0.639987500244 0.159996875061 9.76543426886e-06 0.0399992187653 0.159996875061 9.76543426886e-06
0.876706464667 0.0547941540417 3.34436975352e-06 0.0136985385104 0.0547941540417 3.34436975352e-06
0.639996875015 0.159999218754 2.44139432913e-06 0.0399998046885 0.159999218754 2.44139432913e-06
0.752940095157 0.0470587559473 7.18059630544e-07 0.0117646889868 0.188235023789 7.18059630544e-07
0.914285315689 0.0142857080576 2.1798260586e-07 0.0142857080576 0.0571428322306 2.1798260586e-07
0.842104417796 0.0526315261123 2.00773338746e-07 0.0526315261123 0.0526315261123 8.03093354985e-07
0.166666666667 0.166666666667 0.166666666667 0.166666666667 0.166666666667 0.166666666667
0.0555555555556 0.222222222222 0.0555555555556 0.222222222222 0.222222222222 0.222222222222
0.0555555555556 0.222222222222 0.0555555555556 0.222222222222 0.222222222222 0.222222222222
0.121212121212 0.121212121212 0.030303030303 0.121212121212 0.484848484848 0.121212121212
0.0430107526882 0.0430107526882 0.010752688172 0.172043010753 0.688172043011 0.0430107526882
0.136752136752 0.136752136752 0.00854700854701 0.136752136752 0.547008547009 0.034188034188
0.0969696969697 0.387878787879 0.00606060606061 0.0969696969697 0.387878787879 0.0242424242424
0.141280353201 0.141280353201 0.00220750551876 0.141280353201 0.565121412804 0.00883002207506
0.396899224806 0.0992248062016 0.0015503875969 0.0992248062016 0.396899224806 0.0062015503876
0.63800623053 0.0398753894081 0.000623052959502 0.159501557632 0.159501557632 0.00249221183801
0.569838619922 0.142459654981 0.000556483027268 0.142459654981 0.142459654981 0.00222593210907
0.249695196294 0.249695196294 0.00024384296513 0.249695196294 0.249695196294 0.000975371860522
0.39968774395 0.0999219359875 0.000390320062451 0.39968774395 0.0999219359875 0.000390320062451
0.63980006248 0.039987503905 0.000156201187129 0.15995001562 0.15995001562 0.000156201187129
0.876618512574 0.013697164259 5.35045478866e-05 0.0547886570358 0.0547886570358 5.35045478866e-05
0.727208166889 0.0454505104305 4.43852640923e-05 0.181802041722 0.0454505104305 4.43852640923e-05
0.399980469704 0.0999951174259 2.44128704653e-05 0.399980469704 0.0999951174259 2.44128704653e-05
0.399980469704 0.0999951174259 2.44128704653e-05 0.399980469704 0.0999951174259 2.44128704653e-05
0.727256586102 0.0454535366314 1.10970548416e-05 0.181814146526 0.0454535366314 1.10970548416e-05
0.166666666667 0.166666666667 0.166666666667 0.166666666667 0.166666666667 0.166666666667
0.222222222222 0.222222222222 0.0555555555556 0.222222222222 0.0555555555556 0.222222222222
0.222222222222 0.222222222222 0.0555555555556 0.222222222222 0.0555555555556 0.222222222222
0.484848484848 0.121212121212 0.030303030303 0.121212121212 0.121212121212 0.121212121212
0.688172043011 0.0430107526882 0.010752688172 0.0430107526882 0.172043010753 0.0430107526882
0.688172043011 0.0430107526882 0.010752688172 0.0430107526882 0.172043010753 0.0430107526882
0.547008547009 0.136752136752 0.00854700854701 0.136752136752 0.136752136752 0.034188034188
0.632098765432 0.0395061728395 0.00246913580247 0.158024691358 0.158024691358 0.00987654320988
0.872975277067 0.0136402387042 0.000852514919011 0.0545609548167 0.0545609548167 0.00341005967604
0.838656838657 0.0524160524161 0.000819000819001 0.0524160524161 0.0524160524161 0.003276003276
0.569838619922 0.142459654981 0.000556483027268 0.142459654981 0.142459654981 0.00222593210907
0.568888888889 0.142222222222 0.00222222222222 0.142222222222 0.142222222222 0.00222222222222
0.726241134752 0.045390070922 0.000709219858156 0.045390070922 0.181560283688 0.000709219858156
0.913877733155 0.0142793395805 0.000223114680946 0.0142793395805 0.0571173583222 0.000223114680946
0.726627638815 0.0454142274259 0.000177399325883 0.0454142274259 0.181656909704 0.00070959730353
0.570076548365 0.142519137091 0.000139178844816 0.142519137091 0.142519137091 0.00222686151705
0.72672432912 0.04542027057 4.43557329785e-05 0.04542027057 0.18168108228 0.000709691727656
0.399834053249 0.0999585133123 2.44039339141e-05 0.0999585133123 0.399834053249 0.000390462942626
0.399804782821 0.0999511957052 9.76085895559e-05 0.0999511957052 0.399804782821 0.000390434358224
0.43237537276 0.0270234607975 2.63900984351e-05 0.10809384319 0.43237537276 0.00010556039374
0.166666666667 0.166666666667 0.166666666667 0.166666666667 0.166666666667 0.166666666667
0.0833333333333 0.0833333333333 0.333333333333 0.333333333333 0.0833333333333 0.0833333333333
0.222222222222 0.0555555555556 0.222222222222 0.222222222222 0.222222222222 0.0555555555556
0.296296296296 0.0185185185185 0.0740740740741 0.296296296296 0.296296296296 0.0185185185185
0.296296296296 0.0185185185185 0.0740740740741 0.296296296296 0.296296296296 0.0185185185185
0.627450980392 0.00980392156863 0.0392156862745 0.156862745098 0.156862745098 0.00980392156863
0.418300653595 0.0261437908497 0.0261437908497 0.104575163399 0.418300653595 0.00653594771242
0.318407960199 0.0199004975124 0.0199004975124 0.318407960199 0.318407960199 0.00497512437811
0.318407960199 0.0199004975124 0.0199004975124 0.318407960199 0.318407960199 0.00497512437811
0.324461343473 0.020278833967 0.00506970849176 0.324461343473 0.324461343473 0.00126742712294
0.305854241338 0.0764635603345 0.00477897252091 0.305854241338 0.305854241338 0.00119474313023
0.248785228377 0.248785228377 0.00388726919339 0.248785228377 0.248785228377 0.000971817298348
0.307230723072 0.0768076807681 0.001200120012 0.307230723072 0.307230723072 0.000300030003
0.63950039032 0.039968774395 0.000624512099922 0.15987509758 0.15987509758 0.00015612802498
0.752768205835 0.0117620032162 0.000183781300253 0.188192051459 0.0470480128647 4.59453250632e-05
0.43237537276 0.0270234607975 0.00010556039374 0.43237537276 0.10809384319 2.63900984351e-05
0.75289792636 0.0117640300994 4.59532425757e-05 0.18822448159 0.0470561203975 1.14883106439e-05
0.727232375689 0.0454520234806 4.43867416803e-05 0.181808093922 0.0454520234806 1.10966854201e-05
0.432418166103 0.108104541526 2.63927103334e-05 0.432418166103 0.0270261353814 6.59817758335e-06
0.181815659739 0.0454539149348 1.10971472009e-05 0.727262638957 0.0454539149348 2.77428680022e-06
0.181809607035 0.0454524017588 4.43871110926e-05 0.727238428141 0.0454524017588 2.77419444329e-06
0.399989624293 0.0999974060731 2.44134292171e-05 0.399989624293 0.0999974060731 1.52583932607e-06
0.166666666667 0.166666666667 0.166666666667 0.166666666667 0.166666666667 0.166666666667
0.166666666667 0.166666666667 0.166666666667 0.166666666667 0.166666666667 0.166666666667
0.222222222222 0.0555555555556 0.222222222222 0.222222222222 0.222222222222 0.0555555555556
0.380952380952 0.0238095238095 0.0952380952381 0.0952380952381 0.380952380952 0.0238095238095
0.380952380952 0.0238095238095 0.0952380952381 0.0952380952381 0.380952380952 0.0238095238095
0.355555555556 0.0888888888889 0.0888888888889 0.0888888888889 0.355555555556 0.0222222222222
0.231884057971 0.231884057971 0.0579710144928 0.231884057971 0.231884057971 0.0144927536232
0.0969696969697 0.0969696969697 0.0242424242424 0.387878787879 0.387878787879 0.00606060606061
0.300469483568 0.075117370892 0.018779342723 0.300469483568 0.300469483568 0.00469483568075
0.158024691358 0.0395061728395 0.00987654320988 0.632098765432 0.158024691358 0.00246913580247
0.0522875816993 0.0522875816993 0.00326797385621 0.83660130719 0.0522875816993 0.00326797385621
0.142222222222 0.142222222222 0.00222222222222 0.568888888889 0.142222222222 0.00222222222222
0.166666666667 0.166666666667 0.166666666667 0.166666666667 0.166666666667 0.166666666667
0.166666666667 0.166666666667 0.166666666667 0.166666666667 0.166666666667 0.166666666667
0.266666666667 0.0666666666667 0.266666666667 0.266666666667 0.0666666666667 0.0666666666667
0.484848484848 0.121212121212 0.121212121212 0.121212121212 0.121212121212 0.030303030303
0.79012345679 0.0493827160494 0.0493827160494 0.0493827160494 0.0493827160494 0.0123456790123
0.609523809524 0.0380952380952 0.0380952380952 0.152380952381 0.152380952381 0.00952380952381
0.361581920904 0.090395480226 0.090395480226 0.361581920904 0.090395480226 0.00564971751412
0.420361247947 0.0262725779967 0.0262725779967 0.420361247947 0.105090311987 0.00164203612479
0.389649923896 0.0974124809741 0.0243531202435 0.389649923896 0.0974124809741 0.00152207001522
0.179649122807 0.0449122807018 0.0112280701754 0.718596491228 0.0449122807018 0.000701754385965
0.18127102142 0.0453177553549 0.00283235970968 0.725084085679 0.0453177553549 0.000177022481855
0.18127102142 0.0453177553549 0.00283235970968 0.725084085679 0.0453177553549 0.000177022481855
0.158391337974 0.158391337974 0.00989945862336 0.633565351895 0.0395978344934 0.00015467904099
0.1812950914 0.04532377285 0.00283273580312 0.7251803656 0.04532377285 4.42614969238e-05
0.469711304148 0.0293569565093 0.00183480978183 0.469711304148 0.0293569565093 2.86689028411e-05
0.166666666667 0.166666666667 0.166666666667 0.166666666667 0.166666666667 0.166666666667
0.166666666667 0.166666666667 0.166666666667 0.166666666667 0.166666666667 0.166666666667
0.190476190476 0.190476190476 0.047619047619 0.190476190476 0.190476190476 0.190476190476
0.190476190476 0.190476190476 0.047619047619 0.190476190476 0.190476190476 0.190476190476
0.355555555556 0.0888888888889 0.0222222222222 0.0888888888889 0.355555555556 0.0888888888889
0.280701754386 0.280701754386 0.0175438596491 0.0701754385965 0.280701754386 0.0701754385965
0.136752136752 0.136752136752 0.00854700854701 0.136752136752 0.547008547009 0.034188034188
0.387878787879 0.0969696969697 0.00606060606061 0.0969696969697 0.387878787879 0.0242424242424
0.389649923896 0.0974124809741 0.00152207001522 0.0974124809741 0.389649923896 0.0243531202435
0.301531213192 0.301531213192 0.00117785630153 0.075382803298 0.301531213192 0.0188457008245
0.158317872604 0.633271490414 0.000618429189858 0.0395794681509 0.158317872604 0.00989486703772
0.306128550075 0.306128550075 0.000298953662182 0.0765321375187 0.306128550075 0.00478325859492
0.638304503662 0.159576125916 0.000155836060464 0.0398940314789 0.159576125916 0.00249337696743
0.841370102193 0.052585631387 5.13531556514e-05 0.052585631387 0.052585631387 0.000821650490423
0.63950039032 0.15987509758 0.00015612802498 0.15987509758 0.039968774395 0.000624512099922
0.876477825924 0.0547798641203 5.34959610549e-05 0.0547798641203 0.0136949660301 0.00021398384422
0.914183684857 0.0142841200759 5.57973440464e-05 0.0571364803035 0.0142841200759 5.57973440464e-05
0.727208166889 0.0454505104305 4.43852640923e-05 0.181802041722 0.0454505104305 4.43852640923e-05
0.399980469704 0.0999951174259 2.44128704653e-05 0.399980469704 0.0999951174259 2.44128704653e-05
0.399951177835 0.0999877944587 9.76443305261e-05 0.399951177835 0.0999877944587 2.44110826315e-05
0.432418166103 0.0270261353814 2.63927103334e-05 0.432418166103 0.108104541526 6.59817758335e-06
