Price Resolution OpticalZoom DigitalZoom Weight StorageIncluded
0.166666666667 0.166666666667 0.166666666667 0.166666666667 0.166666666667 0.166666666667
0.222222222222 0.222222222222 0.0555555555556 0.222222222222 0.222222222222 0.0555555555556
0.533333333333 0.133333333333 0.0333333333333 0.133333333333 0.133333333333 0.0333333333333
0.380952380952 0.380952380952 0.0238095238095 0.0952380952381 0.0952380952381 0.0238095238095
0.177777777778 0.711111111111 0.0111111111111 0.0444444444444 0.0444444444444 0.0111111111111
0.140350877193 0.561403508772 0.00877192982456 0.140350877193 0.140350877193 0.00877192982456
0.141280353201 0.565121412804 0.00220750551876 0.141280353201 0.141280353201 0.00883002207506
0.396899224806 0.396899224806 0.0015503875969 0.0992248062016 0.0992248062016 0.0062015503876
0.63800623053 0.159501557632 0.000623052959502 0.0398753894081 0.159501557632 0.00249221183801
0.430976430976 0.430976430976 0.0016835016835 0.026936026936 0.107744107744 0.0016835016835
0.639200998752 0.159800249688 0.000624219725343 0.039950062422 0.159800249688 0.000624219725343
0.752664461595 0.188166115399 0.000183755972069 0.0117603822124 0.0470415288497 0.000183755972069
0.63980006248 0.15995001562 0.000156201187129 0.039987503905 0.15995001562 0.000156201187129
0.399921890256 0.399921890256 9.76371802382e-05 0.099980472564 0.099980472564 9.76371802382e-05
0.181802041722 0.727208166889 4.43852640923e-05 0.0454505104305 0.0454505104305 4.43852640923e-05
0.399980469704 0.399980469704 2.44128704653e-05 0.0999951174259 0.0999951174259 2.44128704653e-05
0.727256586102 0.181814146526 1.10970548416e-05 0.0454535366314 0.0454535366314 1.10970548416e-05
0.914279336779 0.0571424585487 3.48769888603e-06 0.0142856146372 0.0142856146372 3.48769888603e-06
0.842091737579 0.0526307335987 1.2849300195e-05 0.0526307335987 0.0526307335987 3.21232504875e-06
0.166666666667 0.166666666667 0.166666666667 0.166666666667 0.166666666667 0.166666666667
0.222222222222 0.222222222222 0.0555555555556 0.222222222222 0.0555555555556 0.222222222222
0.222222222222 0.222222222222 0.0555555555556 0.222222222222 0.0555555555556 0.222222222222
0.484848484848 0.121212121212 0.030303030303 0.121212121212 0.121212121212 0.121212121212
0.688172043011 0.0430107526882 0.010752688172 0.0430107526882 0.172043010753 0.0430107526882
0.688172043011 0.0430107526882 0.010752688172 0.0430107526882 0.172043010753 0.0430107526882
0.547008547009 0.136752136752 0.00854700854701 0.136752136752 0.136752136752 0.034188034188
0.632098765432 0.0395061728395 0.00246913580247 0.158024691358 0.158024691358 0.00987654320988
0.872975277067 0.0136402387042 0.000852514919011 0.0545609548167 0.0545609548167 0.00341005967604
0.838656838657 0.0524160524161 0.000819000819001 0.0524160524161 0.0524160524161 0.003276003276
0.569838619922 0.142459654981 0.000556483027268 0.142459654981 0.142459654981 0.00222593210907
0.568888888889 0.142222222222 0.00222222222222 0.142222222222 0.142222222222 0.00222222222222
0.726241134752 0.045390070922 0.000709219858156 0.045390070922 0.181560283688 0.000709219858156
0.913877733155 0.0142793395805 0.000223114680946 0.0142793395805 0.0571173583222 0.000223114680946
0.726627638815 0.0454142274259 0.000177399325883 0.0454142274259 0.181656909704 0.00070959730353
0.914030683403 0.0142817294282 5.57880055788e-05 0.0142817294282 0.0571269177127 0.000223152022315
0.727111347801 0.0454444592376 4.43793547242e-05 0.0454444592376 0.18177783695 0.000177517418897
0.727111347801 0.0454444592376 4.43793547242e-05 0.0454444592376 0.18177783695 0.000177517418897
0.727014554491 0.0454384096557 0.000177493787717 0.0454384096557 0.181753638623 0.000177493787717
0.752871978678 0.0117636246669 4.59516588549e-05 0.0470544986674 0.18821799467 4.59516588549e-05
0.166666666667 0.166666666667 0.166666666667 0.166666666667 0.166666666667 0.166666666667
0.190476190476 0.190476190476 0.047619047619 0.190476190476 0.190476190476 0.190476190476
0.484848484848 0.121212121212 0.030303030303 0.121212121212 0.121212121212 0.121212121212
0.231884057971 0.231884057971 0.0144927536232 0.231884057971 0.231884057971 0.0579710144928
0.136752136752 0.547008547009 0.00854700854701 0.136752136752 0.136752136752 0.034188034188
0.075117370892 0.300469483568 0.00469483568075 0.300469483568 0.300469483568 0.018779342723
0.0992248062016 0.396899224806 0.0015503875969 0.0992248062016 0.396899224806 0.0062015503876
0.305854241338 0.305854241338 0.00119474313023 0.0764635603345 0.305854241338 0.00477897252091
0.142459654981 0.569838619922 0.000556483027268 0.142459654981 0.142459654981 0.00222593210907
0.0768076807681 0.307230723072 0.000300030003 0.307230723072 0.307230723072 0.001200120012
0.249512670565 0.249512670565 0.000974658869396 0.249512670565 0.249512670565 0.000974658869396
0.0768768768769 0.307507507508 0.0003003003003 0.307507507508 0.307507507508 0.0003003003003
0.0270213215115 0.432341144184 0.000105552037154 0.108085286046 0.432341144184 0.000105552037154
0.0270213215115 0.432341144184 0.000105552037154 0.108085286046 0.432341144184 0.000105552037154
0.0399921890256 0.639875024409 3.90548720953e-05 0.159968756102 0.159968756102 0.000156219488381
0.166666666667 0.166666666667 0.166666666667 0.166666666667 0.166666666667 0.166666666667
0.266666666667 0.0666666666667 0.266666666667 0.266666666667 0.0666666666667 0.0666666666667
0.484848484848 0.121212121212 0.121212121212 0.121212121212 0.121212121212 0.030303030303
0.79012345679 0.0493827160494 0.0493827160494 0.0493827160494 0.0493827160494 0.0123456790123
0.609523809524 0.0380952380952 0.0380952380952 0.152380952381 0.152380952381 0.00952380952381
0.361581920904 0.090395480226 0.090395480226 0.361581920904 0.090395480226 0.00564971751412
0.420361247947 0.0262725779967 0.0262725779967 0.420361247947 0.105090311987 0.00164203612479
0.389649923896 0.0974124809741 0.0243531202435 0.389649923896 0.0974124809741 0.00152207001522
0.179649122807 0.0449122807018 0.0112280701754 0.718596491228 0.0449122807018 0.000701754385965
0.18127102142 0.0453177553549 0.00283235970968 0.725084085679 0.0453177553549 0.000177022481855
0.18127102142 0.0453177553549 0.00283235970968 0.725084085679 0.0453177553549 0.000177022481855
0.158391337974 0.158391337974 0.00989945862336 0.633565351895 0.0395978344934 0.00015467904099
0.1812950914 0.04532377285 0.00283273580312 0.7251803656 0.04532377285 4.42614969238e-05
0.469711304148 0.0293569565093 0.00183480978183 0.469711304148 0.0293569565093 2.86689028411e-05
0.166666666667 0.166666666667 0.166666666667 0.166666666667 0.166666666667 0.166666666667
