Price Resolution OpticalZoom DigitalZoom Weight StorageIncluded
0.166666666667 0.166666666667 0.166666666667 0.166666666667 0.166666666667 0.166666666667
0.0555555555556 0.222222222222 0.0555555555556 0.222222222222 0.222222222222 0.222222222222
0.0555555555556 0.222222222222 0.0555555555556 0.222222222222 0.222222222222 0.222222222222
0.0555555555556 0.222222222222 0.0555555555556 0.222222222222 0.222222222222 0.222222222222
0.0555555555556 0.222222222222 0.0555555555556 0.222222222222 0.222222222222 0.222222222222
0.190476190476 0.190476190476 0.047619047619 0.190476190476 0.190476190476 0.190476190476
0.231884057971 0.231884057971 0.0144927536232 0.231884057971 0.231884057971 0.0579710144928
0.0952380952381 0.380952380952 0.0238095238095 0.0952380952381 0.380952380952 0.0238095238095
0.0952380952381 0.380952380952 0.0238095238095 0.0952380952381 0.380952380952 0.0238095238095
0.0987654320988 0.395061728395 0.00617283950617 0.0987654320988 0.395061728395 0.00617283950617
0.142222222222 0.142222222222 0.00222222222222 0.142222222222 0.568888888889 0.00222222222222
0.398753894081 0.0996884735202 0.00155763239875 0.0996884735202 0.398753894081 0.00155763239875
0.142697881828 0.142697881828 0.000557413600892 0.142697881828 0.570791527313 0.000557413600892
0.0999219359875 0.39968774395 0.000390320062451 0.0999219359875 0.39968774395 0.000390320062451
0.307507507508 0.307507507508 0.0003003003003 0.0768768768769 0.307507507508 0.0003003003003
0.571269177127 0.142817294282 0.000139470013947 0.142817294282 0.142817294282 0.000139470013947
0.307646086826 0.307646086826 7.51089079165e-05 0.0769115217065 0.307646086826 7.51089079165e-05
0.0999951174259 0.399980469704 2.44128704653e-05 0.0999951174259 0.399980469704 2.44128704653e-05
0.159996875061 0.639987500244 9.76543426886e-06 0.0399992187653 0.159996875061 9.76543426886e-06
0.166666666667 0.166666666667 0.166666666667 0.166666666667 0.166666666667 0.166666666667
0.222222222222 0.222222222222 0.0555555555556 0.222222222222 0.222222222222 0.0555555555556
0.533333333333 0.133333333333 0.0333333333333 0.133333333333 0.133333333333 0.0333333333333
0.820512820513 0.0512820512821 0.0128205128205 0.0512820512821 0.0512820512821 0.0128205128205
0.627450980392 0.0392156862745 0.00980392156863 0.156862745098 0.156862745098 0.00980392156863
0.304761904762 0.0761904761905 0.0047619047619 0.304761904762 0.304761904762 0.0047619047619
0.248062015504 0.248062015504 0.00387596899225 0.248062015504 0.248062015504 0.00387596899225
0.568888888889 0.142222222222 0.00222222222222 0.142222222222 0.142222222222 0.00222222222222
0.639200998752 0.039950062422 0.000624219725343 0.159800249688 0.159800249688 0.000624219725343
0.570791527313 0.142697881828 0.000557413600892 0.142697881828 0.142697881828 0.000557413600892
0.307230723072 0.307230723072 0.000300030003 0.307230723072 0.0768076807681 0.001200120012
0.63950039032 0.15987509758 0.00015612802498 0.15987509758 0.039968774395 0.000624512099922
0.841888906017 0.0526180566261 5.13848209239e-05 0.0526180566261 0.0526180566261 0.000205539283696
0.571328939568 0.142832234892 3.48711510967e-05 0.142832234892 0.142832234892 0.000139484604387
0.399951177835 0.399951177835 2.44110826315e-05 0.0999877944587 0.0999877944587 9.76443305261e-05
0.639968751526 0.159992187881 9.76514818612e-06 0.0399980469704 0.159992187881 3.90605927445e-05
0.727262638957 0.0454539149348 2.77428680022e-06 0.0454539149348 0.181815659739 1.10971472009e-05
0.166666666667 0.166666666667 0.166666666667 0.166666666667 0.166666666667 0.166666666667
0.266666666667 0.0666666666667 0.0666666666667 0.266666666667 0.266666666667 0.0666666666667
0.592592592593 0.037037037037 0.037037037037 0.148148148148 0.148148148148 0.037037037037
0.533333333333 0.133333333333 0.0333333333333 0.133333333333 0.133333333333 0.0333333333333
0.380952380952 0.380952380952 0.0238095238095 0.0952380952381 0.0952380952381 0.0238095238095
0.242424242424 0.242424242424 0.0151515151515 0.242424242424 0.242424242424 0.0151515151515
0.140350877193 0.140350877193 0.00877192982456 0.561403508772 0.140350877193 0.00877192982456
0.248062015504 0.248062015504 0.00387596899225 0.248062015504 0.248062015504 0.00387596899225
0.142222222222 0.568888888889 0.00222222222222 0.142222222222 0.142222222222 0.00222222222222
0.181560283688 0.726241134752 0.000709219858156 0.045390070922 0.045390070922 0.000709219858156
0.142697881828 0.570791527313 0.000557413600892 0.142697881828 0.142697881828 0.000557413600892
0.307230723072 0.307230723072 0.001200120012 0.307230723072 0.0768076807681 0.000300030003
0.571030252335 0.142757563084 0.000557646730796 0.142757563084 0.142757563084 0.000139411682699
0.249740869459 0.249740869459 0.000975550271325 0.249740869459 0.249740869459 6.09718919578e-05
0.399834053249 0.0999585133123 0.000390462942626 0.399834053249 0.0999585133123 2.44039339141e-05
0.399834053249 0.0999585133123 0.000390462942626 0.399834053249 0.0999585133123 2.44039339141e-05
0.399366240098 0.0998415600244 0.00156002437538 0.399366240098 0.0998415600244 2.43753808653e-05
0.432247043537 0.0270154402211 0.000422116253454 0.432247043537 0.108061760884 6.59556646023e-06
0.432247043537 0.0270154402211 0.000422116253454 0.432247043537 0.108061760884 6.59556646023e-06
0.166666666667 0.166666666667 0.166666666667 0.166666666667 0.166666666667 0.166666666667
0.0833333333333 0.0833333333333 0.333333333333 0.333333333333 0.0833333333333 0.0833333333333
0.222222222222 0.0555555555556 0.222222222222 0.222222222222 0.222222222222 0.0555555555556
0.296296296296 0.0185185185185 0.0740740740741 0.296296296296 0.296296296296 0.0185185185185
0.296296296296 0.0185185185185 0.0740740740741 0.296296296296 0.296296296296 0.0185185185185
0.627450980392 0.00980392156863 0.0392156862745 0.156862745098 0.156862745098 0.00980392156863
0.166666666667 0.166666666667 0.166666666667 0.166666666667 0.166666666667 0.166666666667
