Price Resolution OpticalZoom DigitalZoom Weight StorageIncluded
0.166666666667 0.166666666667 0.166666666667 0.166666666667 0.166666666667 0.166666666667
0.233333333333 0.0333333333333 0.0333333333333 0.233333333333 0.233333333333 0.233333333333
0.233333333333 0.0333333333333 0.0333333333333 0.233333333333 0.233333333333 0.233333333333
0.411111111111 0.0111111111111 0.0111111111111 0.0777777777778 0.411111111111 0.0777777777778
0.137037037037 0.337037037037 0.337037037037 0.0259259259259 0.137037037037 0.0259259259259
0.137037037037 0.337037037037 0.337037037037 0.0259259259259 0.137037037037 0.0259259259259
0.0685185185185 0.168518518519 0.168518518519 0.012962962963 0.568518518519 0.012962962963
0.26712962963 0.29212962963 0.0421296296296 0.00324074074074 0.39212962963 0.00324074074074
0.0890432098765 0.430709876543 0.0140432098765 0.00108024691358 0.464043209877 0.00108024691358
0.544521604938 0.215354938272 0.00702160493827 0.00054012345679 0.232021604938 0.00054012345679
0.386130401235 0.303838734568 0.00175540123457 0.000135030864198 0.308005401235 0.000135030864198
0.193065200617 0.651919367284 0.000877700617284 6.75154320988e-05 0.154002700617 6.75154320988e-05
0.0643550668724 0.550639789095 0.000292566872428 2.25051440329e-05 0.0513342335391 0.333355838477
0.354785022291 0.183546596365 9.75222908093e-05 7.50171467764e-06 0.350444744513 0.111118612826
0.338696255573 0.295886649091 2.43805727023e-05 1.87542866941e-06 0.337611186128 0.0277796532064
0.112898751858 0.431962216364 8.12685756744e-06 0.333333958476 0.112537062043 0.00925988440215
0.278224687964 0.107990554091 2.03171439186e-06 0.333333489619 0.0281342655107 0.252314971101
0.139112343982 0.0539952770455 1.01585719593e-06 0.16666674481 0.514067132755 0.12615748555
0.0463707813274 0.351331759015 3.3861906531e-07 0.0555555816032 0.171355710918 0.375385828517
0.209274156265 0.270266351803 6.7723813062e-08 0.211111116321 0.234271142184 0.0750771657034
0.104637078133 0.135133175902 3.3861906531e-08 0.10555555816 0.617135571092 0.0375385828517
0.166666666667 0.166666666667 0.166666666667 0.166666666667 0.166666666667 0.166666666667
0.233333333333 0.233333333333 0.0333333333333 0.233333333333 0.0333333333333 0.233333333333
0.233333333333 0.233333333333 0.0333333333333 0.233333333333 0.0333333333333 0.233333333333
0.411111111111 0.0777777777778 0.0111111111111 0.0777777777778 0.344444444444 0.0777777777778
0.352777777778 0.0194444444444 0.00277777777778 0.269444444444 0.336111111111 0.0194444444444
0.0881944444444 0.254861111111 0.000694444444444 0.0673611111111 0.334027777778 0.254861111111
0.0440972222222 0.627430555556 0.000347222222222 0.0336805555556 0.167013888889 0.127430555556
0.174016203704 0.271238425926 5.78703703704e-05 0.172280092593 0.194502314815 0.187905092593
0.391338734568 0.090412808642 1.92901234568e-05 0.0574266975309 0.398167438272 0.0626350308642
0.130446244856 0.363470936214 0.333339763374 0.0191422325103 0.132722479424 0.0208783436214
0.0260892489712 0.272694187243 0.266667952675 0.203828446502 0.0265444958848 0.204175668724
0.0130446244856 0.636347093621 0.133333976337 0.101914223251 0.0132722479424 0.102087834362
0.202608924897 0.127269418724 0.226666795267 0.22038284465 0.202654449588 0.0204175668724
0.300652231224 0.281817354681 0.0566666988169 0.0550957111626 0.300663612397 0.00510439171811
0.0751630578061 0.32045433867 0.0141666747042 0.263773927791 0.325165903099 0.00127609792953
0.537581528903 0.160227169335 0.00708333735211 0.131886963895 0.16258295155 0.000638048964763
0.179193842968 0.386742389778 0.0023611124507 0.377295654632 0.0541943171832 0.000212682988254
0.0597312809892 0.462247463259 0.000787037483568 0.125765218211 0.0180647723944 0.333404227663
0.264932820247 0.365561865815 0.000196759370892 0.0314413045526 0.254516193099 0.0833510569157
0.632466410124 0.182780932907 9.8379685446e-05 0.0157206522763 0.127258096549 0.0416755284578
0.544155470041 0.0609269776358 3.2793228482e-05 0.00524021742544 0.37575269885 0.0138918428193
0.272077735021 0.530463488818 1.6396614241e-05 0.00262010871272 0.187876349425 0.00694592140964
0.0906925783402 0.510154496273 0.333338798871 0.000873369570907 0.0626254498083 0.00231530713655
0.54534628917 0.255077248136 0.166669399436 0.000436684785453 0.0313127249041 0.00115765356827
0.515115429723 0.0850257493788 0.0555564664786 0.000145561595151 0.343770908301 0.000385884522758
0.128778857431 0.271256437345 0.0138891166196 0.250036390399 0.335942727075 9.64711306895e-05
0.0643894287154 0.635628218672 0.00694455830982 0.125018195199 0.167971363538 4.82355653447e-05
0.0160973571789 0.408907054668 0.00173613957746 0.0312545487998 0.291992840884 0.250012058891
0.508048678589 0.204453527334 0.000868069788728 0.0156272743999 0.145996420442 0.125006029446
0.502682892863 0.068151175778 0.000289356596243 0.00520909146664 0.381998806814 0.0416686764819
0.251341446432 0.534075587889 0.000144678298121 0.00260454573332 0.190999403407 0.0208343382409
0.0837804821439 0.511358529296 4.82260993738e-05 0.000868181911107 0.396999801136 0.00694477941365
0.166666666667 0.166666666667 0.166666666667 0.166666666667 0.166666666667 0.166666666667
0.233333333333 0.233333333333 0.0333333333333 0.233333333333 0.233333333333 0.0333333333333
0.233333333333 0.233333333333 0.0333333333333 0.233333333333 0.233333333333 0.0333333333333
0.411111111111 0.0777777777778 0.0111111111111 0.0777777777778 0.411111111111 0.0111111111111
0.352777777778 0.0194444444444 0.00277777777778 0.269444444444 0.352777777778 0.00277777777778
0.0881944444444 0.254861111111 0.250694444444 0.0673611111111 0.0881944444444 0.250694444444
0.0440972222222 0.127430555556 0.125347222222 0.0336805555556 0.544097222222 0.125347222222
0.208819444444 0.225486111111 0.0250694444444 0.00673611111111 0.308819444444 0.225069444444
0.402939814815 0.075162037037 0.00835648148148 0.00224537037037 0.436273148148 0.0750231481481
0.402939814815 0.075162037037 0.00835648148148 0.00224537037037 0.436273148148 0.0750231481481
0.134313271605 0.358387345679 0.00278549382716 0.000748456790123 0.145424382716 0.358341049383
0.226862654321 0.271677469136 0.000557098765432 0.200149691358 0.229084876543 0.0716682098765
0.30671566358 0.067919367284 0.000139274691358 0.30003742284 0.0572712191358 0.267917052469
0.65335783179 0.033959683642 6.9637345679e-05 0.15001871142 0.0286356095679 0.133958526235
0.65335783179 0.033959683642 6.9637345679e-05 0.15001871142 0.0286356095679 0.133958526235
0.330671566358 0.0067919367284 1.39274691358e-05 0.230003742284 0.205727121914 0.226791705247
0.110223855453 0.335597312243 4.64248971193e-06 0.0766679140947 0.401909040638 0.0755972350823
0.0551119277263 0.667798656121 2.32124485597e-06 0.0383339570473 0.200954520319 0.0377986175412
0.0137779819316 0.16694966403 5.80311213992e-07 0.259583489262 0.30023863008 0.259449654385
0.337925993977 0.0556498880101 1.93437071331e-07 0.0865278297539 0.433412876693 0.0864832181284
0.0844814984943 0.263912472003 0.250000048359 0.0216319574385 0.358353219173 0.0216208045321
0.0281604994981 0.421304157334 0.0833333494531 0.0072106524795 0.119451073058 0.340540268177
0.342720166499 0.140434719111 0.027777783151 0.0024035508265 0.373150357686 0.113513422726
0.67136008325 0.0702173595557 0.0138888915755 0.00120177541325 0.186575178843 0.0567567113629
0.835680041625 0.0351086797778 0.00694444578776 0.000600887706625 0.0932875894215 0.0283783556814
0.417840020812 0.0175543398889 0.00347222289388 0.000300443853312 0.546643794711 0.0141891778407
0.139280006937 0.339184779963 0.00115740763129 0.000100147951104 0.182214598237 0.33806305928
0.166666666667 0.166666666667 0.166666666667 0.166666666667 0.166666666667 0.166666666667
0.233333333333 0.233333333333 0.0333333333333 0.233333333333 0.233333333333 0.0333333333333
0.233333333333 0.233333333333 0.0333333333333 0.233333333333 0.233333333333 0.0333333333333
0.411111111111 0.0777777777778 0.0111111111111 0.0777777777778 0.411111111111 0.0111111111111
0.352777777778 0.0194444444444 0.00277777777778 0.269444444444 0.352777777778 0.00277777777778
0.0881944444444 0.254861111111 0.250694444444 0.0673611111111 0.0881944444444 0.250694444444
0.0440972222222 0.127430555556 0.125347222222 0.0336805555556 0.544097222222 0.125347222222
0.208819444444 0.225486111111 0.0250694444444 0.00673611111111 0.308819444444 0.225069444444
0.604409722222 0.112743055556 0.0125347222222 0.00336805555556 0.154409722222 0.112534722222
0.302204861111 0.0563715277778 0.00626736111111 0.00168402777778 0.577204861111 0.0562673611111
0.325551215278 0.264092881944 0.00156684027778 0.000421006944444 0.394301215278 0.0140668402778
0.108517071759 0.421364293981 0.000522280092593 0.333473668981 0.131433738426 0.00468894675926
0.27712926794 0.105341073495 0.000130570023148 0.333368417245 0.0328584346065 0.25117223669
0.63856463397 0.0526705367477 6.52850115741e-05 0.166684208623 0.0164292173032 0.125586118345
0.63856463397 0.0526705367477 6.52850115741e-05 0.166684208623 0.0164292173032 0.125586118345
0.327712926794 0.0105341073495 1.30570023148e-05 0.233336841725 0.203285843461 0.225117223669
0.109237642265 0.33684470245 4.35233410494e-06 0.0777789472415 0.401095281154 0.0750390745563
0.0364125474216 0.445614900817 1.45077803498e-06 0.0259263157472 0.133698427051 0.358346358185
0.345470849141 0.148538300272 0.333333816926 0.00864210524906 0.0445661423504 0.119448786062
0.17273542457 0.0742691501361 0.166666908463 0.00432105262453 0.522283071175 0.0597243930309
0.234547084914 0.214853830027 0.0333333816926 0.200864210525 0.304456614235 0.0119448786062
0.411515694971 0.404951276676 0.0111111272309 0.0669547368416 0.101485538078 0.00398162620206
0.205757847486 0.202475638338 0.00555556361543 0.0334773684208 0.0507427690392 0.501990813101
0.401919282495 0.067491879446 0.00185185453848 0.0111591228069 0.35024758968 0.167330271034
0.401919282495 0.067491879446 0.00185185453848 0.0111591228069 0.35024758968 0.167330271034
0.133973094165 0.355830626482 0.000617284846159 0.00371970760231 0.11674919656 0.389110090345
0.166666666667 0.166666666667 0.166666666667 0.166666666667 0.166666666667 0.166666666667
0.291666666667 0.291666666667 0.0416666666667 0.291666666667 0.0416666666667 0.0416666666667
0.291666666667 0.291666666667 0.0416666666667 0.291666666667 0.0416666666667 0.0416666666667
0.430555555556 0.0972222222222 0.0138888888889 0.0972222222222 0.347222222222 0.0138888888889
0.143518518519 0.0324074074074 0.00462962962963 0.365740740741 0.449074074074 0.00462962962963
0.0717592592593 0.516203703704 0.00231481481481 0.18287037037 0.224537037037 0.00231481481481
0.35725308642 0.172067901235 0.000771604938272 0.0609567901235 0.408179012346 0.000771604938272
0.271450617284 0.234413580247 0.000154320987654 0.212191358025 0.281635802469 0.000154320987654
0.067862654321 0.308603395062 3.85802469136e-05 0.0530478395062 0.320408950617 0.250038580247
0.0339313271605 0.154301697531 1.92901234568e-05 0.0265239197531 0.160204475309 0.625019290123
0.206786265432 0.230860339506 0.200003858025 0.00530478395062 0.232040895062 0.125003858025
0.402262088477 0.0769534465021 0.0666679526749 0.00176826131687 0.410680298354 0.0416679526749
0.467420696159 0.025651148834 0.355555984225 0.000589420438957 0.136893432785 0.0138893175583
0.15580689872 0.341883716278 0.118518661408 0.000196473479652 0.378964477595 0.00462977251943
0.0311613797439 0.268376743256 0.223703732282 0.200039294696 0.275792895519 0.000925954503887
0.206232275949 0.253675348651 0.0447407464563 0.240007858939 0.0551585791038 0.200185190901
0.603116137974 0.126837674326 0.0223703732282 0.12000392947 0.0275792895519 0.10009259545
0.603116137974 0.126837674326 0.0223703732282 0.12000392947 0.0275792895519 0.10009259545
0.267186022996 0.187806279054 0.00372839553803 0.186667321578 0.171263214925 0.183348765908
0.0890620076652 0.395935426351 0.00124279851268 0.0622224405261 0.0570877383084 0.394449588636
0.272265501916 0.0989838565879 0.000310699628169 0.265555610132 0.264271934577 0.098612397159
0.0680663754791 0.274745964147 7.76749070422e-05 0.316388902533 0.0660679836443 0.27465309929
0.213613275096 0.254949192829 1.55349814084e-05 0.263277780507 0.213213596729 0.054930619858
