Price Resolution OpticalZoom DigitalZoom Weight StorageIncluded
0.166666666667 0.166666666667 0.166666666667 0.166666666667 0.166666666667 0.166666666667
0.222222222222 0.222222222222 0.0555555555556 0.222222222222 0.0555555555556 0.222222222222
0.222222222222 0.222222222222 0.0555555555556 0.222222222222 0.0555555555556 0.222222222222
0.190476190476 0.190476190476 0.047619047619 0.190476190476 0.190476190476 0.190476190476
0.166666666667 0.166666666667 0.166666666667 0.166666666667 0.166666666667 0.166666666667
0.222222222222 0.222222222222 0.0555555555556 0.222222222222 0.0555555555556 0.222222222222
0.222222222222 0.222222222222 0.0555555555556 0.222222222222 0.0555555555556 0.222222222222
0.190476190476 0.190476190476 0.047619047619 0.190476190476 0.190476190476 0.190476190476
0.166666666667 0.166666666667 0.166666666667 0.166666666667 0.166666666667 0.166666666667
0.222222222222 0.222222222222 0.0555555555556 0.222222222222 0.222222222222 0.0555555555556
0.222222222222 0.222222222222 0.0555555555556 0.222222222222 0.222222222222 0.0555555555556
0.133333333333 0.133333333333 0.0333333333333 0.133333333333 0.533333333333 0.0333333333333
0.177777777778 0.0444444444444 0.0111111111111 0.0444444444444 0.711111111111 0.0111111111111
0.463768115942 0.0289855072464 0.00724637681159 0.0289855072464 0.463768115942 0.00724637681159
0.418300653595 0.104575163399 0.0261437908497 0.0261437908497 0.418300653595 0.00653594771242
0.296296296296 0.296296296296 0.0185185185185 0.0740740740741 0.296296296296 0.0185185185185
0.561403508772 0.140350877193 0.00877192982456 0.140350877193 0.140350877193 0.00877192982456
0.636815920398 0.0398009950249 0.00248756218905 0.1592039801 0.1592039801 0.00248756218905
0.430976430976 0.026936026936 0.0016835016835 0.107744107744 0.430976430976 0.0016835016835
0.751835535977 0.0117474302496 0.000734214390602 0.0469897209985 0.187958883994 0.000734214390602
0.923770861525 0.00360847992783 0.000225529995489 0.0144339197113 0.0577356788453 0.000225529995489
0.913877733155 0.0142793395805 0.000223114680946 0.0142793395805 0.0571173583222 0.000223114680946
0.841759145088 0.052609946568 0.000205507603781 0.052609946568 0.052609946568 0.000205507603781
0.63980006248 0.039987503905 0.000156201187129 0.15995001562 0.15995001562 0.000156201187129
0.432204284056 0.0270127677535 0.000422074496149 0.108051071014 0.432204284056 0.000105518624037
0.43237537276 0.0270234607975 0.00010556039374 0.10809384319 0.43237537276 2.63900984351e-05
0.727232375689 0.0454520234806 4.43867416803e-05 0.0454520234806 0.181808093922 1.10966854201e-05
0.727232375689 0.0454520234806 4.43867416803e-05 0.0454520234806 0.181808093922 1.10966854201e-05
0.470561203975 0.0294100752484 2.87207766098e-05 0.0294100752484 0.470561203975 2.87207766098e-05
0.492300295969 0.00769219212452 7.5119063716e-06 0.00769219212452 0.492300295969 7.5119063716e-06
0.481185341821 0.0300740838638 7.34230563081e-06 0.00751852096595 0.481185341821 2.93692225233e-05
0.780476186223 0.0121949404097 2.97728037347e-06 0.0121949404097 0.195119046556 1.19091214939e-05
0.166666666667 0.166666666667 0.166666666667 0.166666666667 0.166666666667 0.166666666667
0.266666666667 0.0666666666667 0.0666666666667 0.266666666667 0.266666666667 0.0666666666667
0.266666666667 0.0666666666667 0.0666666666667 0.266666666667 0.266666666667 0.0666666666667
0.592592592593 0.037037037037 0.037037037037 0.148148148148 0.148148148148 0.037037037037
0.646464646465 0.010101010101 0.010101010101 0.161616161616 0.161616161616 0.010101010101
0.418300653595 0.0261437908497 0.0261437908497 0.104575163399 0.418300653595 0.00653594771242
0.387878787879 0.0969696969697 0.0242424242424 0.0969696969697 0.387878787879 0.00606060606061
0.179271708683 0.0448179271709 0.0112044817927 0.0448179271709 0.717086834734 0.00280112044818
0.187545787546 0.0468864468864 0.0029304029304 0.0117216117216 0.750183150183 0.000732600732601
0.0553035212789 0.0553035212789 0.000864117519983 0.00345647007993 0.884856340462 0.000216029379996
0.189735037984 0.047433759496 0.000741152492125 0.0029646099685 0.758940151936 0.000185288123031
0.166098945661 0.166098945661 0.000648824006488 0.00259529602595 0.664395782644 0.000162206001622
0.11028540657 0.441141626279 0.000430802369413 0.00689283791061 0.441141626279 0.000107700592353
0.108016877637 0.432067510549 0.00042194092827 0.0270042194093 0.432067510549 0.00042194092827
0.164895330113 0.164895330113 0.000161030595813 0.010305958132 0.659581320451 0.000161030595813
0.0474667408334 0.189866963334 4.63542390952e-05 0.00296667130209 0.759467853335 0.000185416956381
0.0302412805292 0.483860488468 2.95325005168e-05 0.00189008003308 0.483860488468 0.000118130002067
0.110867505752 0.443470023007 2.70672621464e-05 0.00173230477737 0.443470023007 0.000433076194343
0.332784920683 0.332784920683 2.03115796315e-05 0.00129994109642 0.332784920683 0.000324985274105
0.444200437856 0.111050109464 6.77796078272e-06 0.000433789490094 0.444200437856 0.000108447372524
0.166612007271 0.166612007271 2.54229747423e-06 0.000162707038351 0.666448029084 0.000162707038351
0.333116037334 0.333116037334 1.27073683675e-06 0.000325308630209 0.333116037334 0.000325308630209
0.166666666667 0.166666666667 0.166666666667 0.166666666667 0.166666666667 0.166666666667
0.222222222222 0.222222222222 0.0555555555556 0.222222222222 0.222222222222 0.0555555555556
0.222222222222 0.222222222222 0.0555555555556 0.222222222222 0.222222222222 0.0555555555556
0.380952380952 0.0952380952381 0.0238095238095 0.0952380952381 0.380952380952 0.0238095238095
