Price Resolution OpticalZoom DigitalZoom Weight StorageIncluded
0.166666666667 0.166666666667 0.166666666667 0.166666666667 0.166666666667 0.166666666667
0.0555555555556 0.222222222222 0.0555555555556 0.222222222222 0.222222222222 0.222222222222
0.0555555555556 0.222222222222 0.0555555555556 0.222222222222 0.222222222222 0.222222222222
0.121212121212 0.121212121212 0.030303030303 0.121212121212 0.484848484848 0.121212121212
0.0430107526882 0.0430107526882 0.010752688172 0.172043010753 0.688172043011 0.0430107526882
0.136752136752 0.136752136752 0.00854700854701 0.136752136752 0.547008547009 0.034188034188
0.0448179271709 0.179271708683 0.00280112044818 0.0448179271709 0.717086834734 0.0112044817927
0.158024691358 0.158024691358 0.00246913580247 0.0395061728395 0.632098765432 0.00987654320988
0.107202680067 0.428810720268 0.00167504187605 0.0268006700168 0.428810720268 0.00670016750419
0.046783625731 0.748538011696 0.00292397660819 0.0116959064327 0.187134502924 0.00292397660819
0.0297951582868 0.476722532588 0.00186219739292 0.00744878957169 0.476722532588 0.00744878957169
0.0473022912047 0.189209164819 0.000739098300074 0.0029563932003 0.756836659276 0.0029563932003
0.0468864468864 0.187545787546 0.000732600732601 0.0029304029304 0.750183150183 0.0117216117216
0.163161249203 0.163161249203 0.0006373486297 0.0101975780752 0.652644996813 0.0101975780752
0.0473285265299 0.189314106119 0.000184877056757 0.00295803290812 0.757256424478 0.00295803290812
0.0298472659438 0.477556255101 0.000116590882593 0.00746181648595 0.477556255101 0.00746181648595
0.109577314072 0.438309256287 0.000107009095773 0.00684858212948 0.438309256287 0.00684858212948
0.16579639749 0.16579639749 4.04776361061e-05 0.00259056871079 0.663185589962 0.00259056871079
0.110151942988 0.440607771951 2.6892564206e-05 0.00172112410918 0.440607771951 0.00688449643674
0.165801430928 0.165801430928 1.01197162432e-05 0.00259064735825 0.663205723712 0.00259064735825
0.166666666667 0.166666666667 0.166666666667 0.166666666667 0.166666666667 0.166666666667
0.166666666667 0.166666666667 0.166666666667 0.166666666667 0.166666666667 0.166666666667
0.222222222222 0.222222222222 0.0555555555556 0.222222222222 0.222222222222 0.0555555555556
0.222222222222 0.222222222222 0.0555555555556 0.222222222222 0.222222222222 0.0555555555556
0.380952380952 0.0952380952381 0.0238095238095 0.0952380952381 0.380952380952 0.0238095238095
0.426666666667 0.0266666666667 0.00666666666667 0.106666666667 0.426666666667 0.00666666666667
0.380952380952 0.0952380952381 0.0238095238095 0.0952380952381 0.380952380952 0.0238095238095
0.463768115942 0.0289855072464 0.00724637681159 0.0289855072464 0.463768115942 0.00724637681159
0.426666666667 0.106666666667 0.00666666666667 0.0266666666667 0.426666666667 0.00666666666667
0.323232323232 0.323232323232 0.00505050505051 0.020202020202 0.323232323232 0.00505050505051
0.1592039801 0.636815920398 0.00248756218905 0.0398009950249 0.1592039801 0.00248756218905
0.0996884735202 0.398753894081 0.00155763239875 0.0996884735202 0.398753894081 0.00155763239875
0.0398753894081 0.63800623053 0.00249221183801 0.159501557632 0.159501557632 0.000623052959502
0.0998050682261 0.399220272904 0.00155945419103 0.0998050682261 0.399220272904 0.000389863547758
0.0993403181995 0.397361272798 0.00620876988747 0.0993403181995 0.397361272798 0.000388048117967
0.166666666667 0.166666666667 0.166666666667 0.166666666667 0.166666666667 0.166666666667
0.190476190476 0.190476190476 0.047619047619 0.190476190476 0.190476190476 0.190476190476
0.190476190476 0.190476190476 0.047619047619 0.190476190476 0.190476190476 0.190476190476
0.355555555556 0.0888888888889 0.0222222222222 0.0888888888889 0.355555555556 0.0888888888889
0.418300653595 0.0261437908497 0.00653594771242 0.104575163399 0.418300653595 0.0261437908497
0.361581920904 0.090395480226 0.00564971751412 0.090395480226 0.361581920904 0.090395480226
0.389649923896 0.0974124809741 0.00152207001522 0.0974124809741 0.389649923896 0.0243531202435
0.420879572544 0.105219893136 0.000411015207563 0.026304973284 0.420879572544 0.026304973284
0.31990003124 0.31990003124 0.000312402374258 0.0199937519525 0.31990003124 0.0199937519525
0.163161249203 0.652644996813 0.0006373486297 0.0101975780752 0.163161249203 0.0101975780752
0.107337526205 0.429350104822 0.00041928721174 0.00670859538784 0.429350104822 0.0268343815514
0.164497991968 0.164497991968 0.000160642570281 0.0025702811245 0.657991967871 0.010281124498
0.4405722276 0.1101430569 0.000107561579004 0.00172098526406 0.4405722276 0.00688394105625
0.758940151936 0.047433759496 0.000185288123031 0.000741152492125 0.189735037984 0.0029646099685
0.443434015373 0.110858503843 0.000108260257659 0.000433041030638 0.443434015373 0.00173216412255
0.166524372891 0.166524372891 4.06553644753e-05 0.000162621457901 0.666097491564 0.000650485831605
0.110867505752 0.443470023007 2.70672621464e-05 0.000433076194343 0.443470023007 0.00173230477737
0.332784920683 0.332784920683 2.03115796315e-05 0.000324985274105 0.332784920683 0.00129994109642
0.166666666667 0.166666666667 0.166666666667 0.166666666667 0.166666666667 0.166666666667
0.0555555555556 0.222222222222 0.0555555555556 0.222222222222 0.222222222222 0.222222222222
0.0555555555556 0.222222222222 0.0555555555556 0.222222222222 0.222222222222 0.222222222222
0.121212121212 0.121212121212 0.030303030303 0.121212121212 0.484848484848 0.121212121212
0.0430107526882 0.0430107526882 0.010752688172 0.172043010753 0.688172043011 0.0430107526882
0.152380952381 0.0380952380952 0.00952380952381 0.152380952381 0.609523809524 0.0380952380952
0.124031007752 0.124031007752 0.0077519379845 0.124031007752 0.496124031008 0.124031007752
0.124756335283 0.124756335283 0.00194931773879 0.124756335283 0.499025341131 0.124756335283
0.363120567376 0.090780141844 0.00141843971631 0.090780141844 0.363120567376 0.090780141844
0.456938866577 0.0285586791611 0.000446229361892 0.0285586791611 0.456938866577 0.0285586791611
0.390095238095 0.0975238095238 0.000380952380952 0.024380952381 0.390095238095 0.0975238095238
0.421009353479 0.10525233837 0.000102785486689 0.0263130845925 0.421009353479 0.0263130845925
0.719069563309 0.0449418477068 4.38885231512e-05 0.0449418477068 0.179767390827 0.0112354619267
0.633638859883 0.158409714971 3.8674246819e-05 0.0396024287427 0.158409714971 0.00990060718568
0.306214372489 0.306214372489 1.86898420708e-05 0.0765535931221 0.306214372489 0.00478459957013
0.10792509008 0.431700360321 6.58722473635e-06 0.0269812725201 0.431700360321 0.0016863295325
0.326113026906 0.326113026906 4.97608988809e-06 0.0203820641816 0.326113026906 0.00127387901135
0.658096034262 0.164524008566 2.51043714242e-06 0.0102827505354 0.164524008566 0.00257068763384
