Price Resolution OpticalZoom DigitalZoom Weight StorageIncluded
0.166666666667 0.166666666667 0.166666666667 0.166666666667 0.166666666667 0.166666666667
0.194444444444 0.194444444444 0.0277777777778 0.194444444444 0.194444444444 0.194444444444
0.194444444444 0.194444444444 0.0277777777778 0.194444444444 0.194444444444 0.194444444444
0.398148148148 0.0648148148148 0.00925925925926 0.0648148148148 0.398148148148 0.0648148148148
0.132716049383 0.354938271605 0.336419753086 0.0216049382716 0.132716049383 0.0216049382716
0.566358024691 0.177469135802 0.168209876543 0.0108024691358 0.0663580246914 0.0108024691358
0.522119341564 0.0591563786008 0.0560699588477 0.00360082304527 0.355452674897 0.00360082304527
0.253686556927 0.1765260631 0.00934499314129 0.167266803841 0.22590877915 0.167266803841
0.126843278464 0.58826303155 0.00467249657064 0.0836334019204 0.112954389575 0.0836334019204
0.0422810928212 0.529421010517 0.33489083219 0.0278778006401 0.0376514631916 0.0278778006401
0.0140936976071 0.176473670172 0.111630277397 0.00929260021338 0.345883821064 0.342625933547
0.338031232536 0.0588245567241 0.0372100924656 0.00309753340446 0.448627940355 0.114208644516
0.669015616268 0.029412278362 0.0186050462328 0.00154876670223 0.224313970177 0.0571043222578
0.334507808134 0.514706139181 0.00930252311639 0.000774383351115 0.112156985089 0.0285521611289
0.0669015616268 0.302941227836 0.00186050462328 0.20015487667 0.222431397018 0.205710432226
0.0669015616268 0.302941227836 0.00186050462328 0.20015487667 0.222431397018 0.205710432226
0.355633853876 0.100980409279 0.00062016820776 0.0667182922234 0.407477132339 0.0685701440753
0.177816926938 0.0504902046394 0.500310084104 0.0333591461117 0.20373856617 0.0342850720376
0.294454231734 0.0126225511598 0.125077521026 0.258339786528 0.300934641542 0.00857126800941
0.258890846347 0.202524510232 0.0250155042052 0.251667957306 0.0601869283085 0.201714253602
0.129445423173 0.101262255116 0.0125077521026 0.125833978653 0.530093464154 0.100857126801
0.166666666667 0.166666666667 0.166666666667 0.166666666667 0.166666666667 0.166666666667
0.233333333333 0.233333333333 0.0333333333333 0.233333333333 0.233333333333 0.0333333333333
0.233333333333 0.233333333333 0.0333333333333 0.233333333333 0.233333333333 0.0333333333333
0.411111111111 0.0777777777778 0.0111111111111 0.0777777777778 0.411111111111 0.0111111111111
0.352777777778 0.0194444444444 0.00277777777778 0.269444444444 0.352777777778 0.00277777777778
0.0881944444444 0.254861111111 0.250694444444 0.0673611111111 0.0881944444444 0.250694444444
0.0440972222222 0.127430555556 0.125347222222 0.0336805555556 0.544097222222 0.125347222222
0.208819444444 0.225486111111 0.0250694444444 0.00673611111111 0.308819444444 0.225069444444
0.208819444444 0.225486111111 0.0250694444444 0.00673611111111 0.308819444444 0.225069444444
0.402939814815 0.075162037037 0.00835648148148 0.00224537037037 0.436273148148 0.0750231481481
0.134313271605 0.358387345679 0.00278549382716 0.000748456790123 0.145424382716 0.358341049383
0.226862654321 0.271677469136 0.000557098765432 0.200149691358 0.229084876543 0.0716682098765
0.30671566358 0.067919367284 0.000139274691358 0.30003742284 0.0572712191358 0.267917052469
0.65335783179 0.033959683642 6.9637345679e-05 0.15001871142 0.0286356095679 0.133958526235
0.65335783179 0.033959683642 6.9637345679e-05 0.15001871142 0.0286356095679 0.133958526235
0.330671566358 0.0067919367284 1.39274691358e-05 0.230003742284 0.205727121914 0.226791705247
0.110223855453 0.335597312243 4.64248971193e-06 0.0766679140947 0.401909040638 0.0755972350823
0.0551119277263 0.667798656121 2.32124485597e-06 0.0383339570473 0.200954520319 0.0377986175412
0.0137779819316 0.16694966403 5.80311213992e-07 0.259583489262 0.30023863008 0.259449654385
0.337925993977 0.0556498880101 1.93437071331e-07 0.0865278297539 0.433412876693 0.0864832181284
0.0844814984943 0.263912472003 0.250000048359 0.0216319574385 0.358353219173 0.0216208045321
0.0281604994981 0.421304157334 0.0833333494531 0.0072106524795 0.119451073058 0.340540268177
0.014080249749 0.710652078667 0.0416666747265 0.00360532623975 0.0597255365289 0.170270134089
0.253520062437 0.177663019667 0.0104166686816 0.25090133156 0.264931384132 0.0425675335222
0.626760031219 0.0888315098334 0.00520833434082 0.12545066578 0.132465692066 0.0212837667611
0.813380015609 0.0444157549167 0.00260416717041 0.06272533289 0.0662328460331 0.0106418833805
0.162676003122 0.208883150983 0.000520833434082 0.212545066578 0.213246569207 0.202128376676
0.0406690007805 0.302220787746 0.250130208359 0.303136266644 0.0533116423017 0.050532094169
0.166666666667 0.166666666667 0.166666666667 0.166666666667 0.166666666667 0.166666666667
0.0416666666667 0.291666666667 0.291666666667 0.0416666666667 0.0416666666667 0.291666666667
0.260416666667 0.0729166666667 0.322916666667 0.0104166666667 0.260416666667 0.0729166666667
0.0868055555556 0.357638888889 0.107638888889 0.00347222222222 0.420138888889 0.0243055555556
0.0289351851852 0.452546296296 0.0358796296296 0.00115740740741 0.140046296296 0.341435185185
0.257233796296 0.113136574074 0.00896990740741 0.250289351852 0.285011574074 0.0853587962963
0.257233796296 0.113136574074 0.00896990740741 0.250289351852 0.285011574074 0.0853587962963
0.419077932099 0.037712191358 0.0029899691358 0.0834297839506 0.428337191358 0.0284529320988
0.139692644033 0.345904063786 0.000996656378601 0.0278099279835 0.142779063786 0.342817644033
0.227938528807 0.269180812757 0.00019933127572 0.205561985597 0.228555812757 0.0685635288066
0.245587705761 0.0538361625514 0.200039866255 0.241112397119 0.245711162551 0.0137127057613
0.41519590192 0.0179453875171 0.0666799554184 0.0803707990398 0.415237054184 0.00457090192044
0.20759795096 0.508972693759 0.0333399777092 0.0401853995199 0.207618527092 0.00228545096022
0.0691993169867 0.169657564586 0.0111133259031 0.0133951331733 0.402539509031 0.33409515032
0.0230664389956 0.389885854862 0.00370444196769 0.0044650443911 0.467513169677 0.111365050107
0.511533219498 0.194942927431 0.00185222098384 0.00223252219555 0.233756584838 0.0556825250533
0.127883304874 0.298735731858 0.000463055245961 0.000558130548887 0.30843914621 0.263920631263
0.166666666667 0.166666666667 0.166666666667 0.166666666667 0.166666666667 0.166666666667
0.0833333333333 0.0833333333333 0.583333333333 0.0833333333333 0.0833333333333 0.0833333333333
0.0208333333333 0.270833333333 0.395833333333 0.0208333333333 0.270833333333 0.0208333333333
0.00416666666667 0.254166666667 0.0791666666667 0.204166666667 0.254166666667 0.204166666667
0.334722222222 0.0847222222222 0.0263888888889 0.0680555555556 0.418055555556 0.0680555555556
0.667361111111 0.0423611111111 0.0131944444444 0.0340277777778 0.209027777778 0.0340277777778
0.222453703704 0.0141203703704 0.337731481481 0.344675925926 0.0696759259259 0.0113425925926
0.0741512345679 0.338040123457 0.445910493827 0.114891975309 0.023225308642 0.00378086419753
0.037075617284 0.669020061728 0.222955246914 0.0574459876543 0.011612654321 0.00189043209877
0.345691872428 0.223006687243 0.0743184156379 0.0191486625514 0.337204218107 0.000630144032922
0.172845936214 0.111503343621 0.0371592078189 0.00957433127572 0.668602109053 0.000315072016461
0.086422968107 0.555751671811 0.0185796039095 0.00478716563786 0.334301054527 0.00015753600823
0.217284593621 0.311150334362 0.00371592078189 0.200957433128 0.266860210905 3.15072016461e-05
0.608642296811 0.155575167181 0.00185796039095 0.100478716564 0.133430105453 1.5753600823e-05
0.402160574203 0.288893791795 0.000464490097737 0.0251196791409 0.283357526363 3.93840020576e-06
0.201080287101 0.644446895898 0.000232245048868 0.0125598395705 0.141678763182 1.96920010288e-06
0.0502700717753 0.411111723974 0.250058061262 0.00313995989262 0.0354196907954 0.2500004923
0.350090023925 0.137037241325 0.0833526870874 0.00104665329754 0.345139896932 0.0833334974333
0.450030007975 0.0456790804416 0.0277842290291 0.000348884432513 0.115046632311 0.361111165811
0.112507501994 0.26141977011 0.00694605725728 0.250087221108 0.0287616580776 0.340277791453
0.556253750997 0.130709885055 0.00347302862864 0.125043610554 0.0143808290388 0.170138895726
0.185417916999 0.0435699616851 0.00115767620955 0.041681203518 0.338126943013 0.390046298575
0.166666666667 0.166666666667 0.166666666667 0.166666666667 0.166666666667 0.166666666667
0.233333333333 0.0333333333333 0.0333333333333 0.233333333333 0.233333333333 0.233333333333
0.233333333333 0.0333333333333 0.0333333333333 0.233333333333 0.233333333333 0.233333333333
0.411111111111 0.0111111111111 0.0111111111111 0.0777777777778 0.411111111111 0.0777777777778
0.137037037037 0.337037037037 0.337037037037 0.0259259259259 0.137037037037 0.0259259259259
0.137037037037 0.337037037037 0.337037037037 0.0259259259259 0.137037037037 0.0259259259259
0.0685185185185 0.168518518519 0.168518518519 0.012962962963 0.568518518519 0.012962962963
0.26712962963 0.29212962963 0.0421296296296 0.00324074074074 0.39212962963 0.00324074074074
0.0890432098765 0.430709876543 0.0140432098765 0.00108024691358 0.464043209877 0.00108024691358
0.0445216049383 0.215354938272 0.507021604938 0.00054012345679 0.232021604938 0.00054012345679
0.348173868313 0.0717849794239 0.169007201646 0.000180041152263 0.410673868313 0.000180041152263
0.674086934156 0.0358924897119 0.084503600823 9.00205761317e-05 0.205336934156 9.00205761317e-05
0.337043467078 0.517946244856 0.0422518004115 4.50102880658e-05 0.102668467078 4.50102880658e-05
0.0842608667695 0.379486561214 0.0105629501029 0.250011252572 0.27566711677 1.12525720165e-05
0.0280869555898 0.459828853738 0.00352098336763 0.0833370841907 0.0918890389232 0.333337084191
0.257021738897 0.364957213434 0.000880245841907 0.0208342710477 0.272972259731 0.0833342710477
0.628510869449 0.182478606717 0.000440122920953 0.0104171355238 0.136486129865 0.0416671355238
0.628510869449 0.182478606717 0.000440122920953 0.0104171355238 0.136486129865 0.0416671355238
0.271418478241 0.197079767786 7.33538201589e-05 0.168402855921 0.189414354978 0.173611189254
0.0904728260805 0.399026589262 2.44512733863e-05 0.0561342853069 0.0631381183259 0.391203729751
0.27261820652 0.0997566473155 6.11281834657e-06 0.264033571327 0.265784529581 0.0978009324378
0.21210303442 0.183292774553 1.01880305776e-06 0.210672261888 0.210964088264 0.182966822073
