Price Resolution OpticalZoom DigitalZoom Weight StorageIncluded
0.166666666667 0.166666666667 0.166666666667 0.166666666667 0.166666666667 0.166666666667
0.0555555555556 0.222222222222 0.0555555555556 0.222222222222 0.222222222222 0.222222222222
0.0555555555556 0.222222222222 0.0555555555556 0.222222222222 0.222222222222 0.222222222222
0.0555555555556 0.222222222222 0.0555555555556 0.222222222222 0.222222222222 0.222222222222
0.121212121212 0.121212121212 0.030303030303 0.121212121212 0.484848484848 0.121212121212
0.152380952381 0.0380952380952 0.00952380952381 0.152380952381 0.609523809524 0.0380952380952
0.152380952381 0.0380952380952 0.00952380952381 0.152380952381 0.609523809524 0.0380952380952
0.185507246377 0.0115942028986 0.00289855072464 0.0463768115942 0.742028985507 0.0115942028986
0.189209164819 0.0029563932003 0.000739098300074 0.0473022912047 0.756836659276 0.0029563932003
0.0578531073446 0.00090395480226 0.000225988700565 0.0144632768362 0.925649717514 0.00090395480226
0.197188523012 0.000770267668015 0.000192566917004 0.0123242826882 0.788754092047 0.000770267668015
0.196733909702 0.0030739673391 0.000192122958694 0.0122958693564 0.786935638809 0.000768491834774
0.057745446343 0.00360909039644 5.63920374443e-05 0.0144363615857 0.923927141488 0.000225568149777
0.0585502522978 0.000914847692154 1.42944951899e-05 0.00365939076862 0.936804036765 5.71779807596e-05
0.0585935963322 0.000228881235673 3.57626930738e-06 0.00366209977076 0.937497541315 1.43050772295e-05
0.0585533910147 0.000914896734605 3.57381536955e-06 0.00365958693842 0.936854256235 1.42952614782e-05
0.0585541757465 0.000914908996039 8.93465816445e-07 0.00365963598416 0.936866811944 3.57386326578e-06
0.0587559589409 0.000229515464613 2.24136195911e-07 0.000918061858452 0.940095343055 8.96544783645e-07
0.199687683296 0.000780030012874 7.61748059447e-07 0.000780030012874 0.798750733183 7.61748059447e-07
0.0587155305741 0.00091743016522 8.95927895723e-07 0.00091743016522 0.939448489186 2.23981973931e-07
0.166666666667 0.166666666667 0.166666666667 0.166666666667 0.166666666667 0.166666666667
0.190476190476 0.190476190476 0.047619047619 0.190476190476 0.190476190476 0.190476190476
0.190476190476 0.190476190476 0.047619047619 0.190476190476 0.190476190476 0.190476190476
0.190476190476 0.190476190476 0.047619047619 0.190476190476 0.190476190476 0.190476190476
0.355555555556 0.0888888888889 0.0222222222222 0.0888888888889 0.355555555556 0.0888888888889
0.418300653595 0.0261437908497 0.00653594771242 0.104575163399 0.418300653595 0.0261437908497
0.742028985507 0.0115942028986 0.00289855072464 0.0463768115942 0.185507246377 0.0115942028986
0.920035938904 0.00359389038634 0.000898472596586 0.0143755615454 0.0575022461815 0.00359389038634
0.784674329502 0.00306513409962 0.000766283524904 0.0122605363985 0.196168582375 0.00306513409962
0.925649717514 0.00090395480226 0.000225988700565 0.0144632768362 0.0578531073446 0.00090395480226
0.980314725064 0.000239334649674 5.98336624185e-05 0.00382935439478 0.0153174175791 0.000239334649674
0.979611360239 0.000956651718984 5.97907324365e-05 0.00382660687593 0.0153064275037 0.000239162929746
0.926434831778 0.000904721515409 5.6545094713e-05 0.0144755442465 0.0579021769861 0.000226180378852
0.927260636416 0.000226381991313 1.4148874457e-05 0.014488447444 0.057953789776 5.65954978281e-05
0.789466710033 0.000770963584017 1.20463060003e-05 0.0123354173443 0.197366677508 4.81852240011e-05
0.787644973259 0.00307673817679 1.20185085031e-05 0.0123069527072 0.196911243315 4.80740340124e-05
0.481174743025 0.00751835535977 2.93685756241e-05 0.0300734214391 0.481174743025 2.93685756241e-05
0.166666666667 0.166666666667 0.166666666667 0.166666666667 0.166666666667 0.166666666667
0.222222222222 0.222222222222 0.0555555555556 0.222222222222 0.222222222222 0.0555555555556
0.533333333333 0.133333333333 0.0333333333333 0.133333333333 0.133333333333 0.0333333333333
0.711111111111 0.0444444444444 0.0111111111111 0.0444444444444 0.177777777778 0.0111111111111
0.463768115942 0.0289855072464 0.00724637681159 0.0289855072464 0.463768115942 0.00724637681159
0.463768115942 0.0289855072464 0.00724637681159 0.0289855072464 0.463768115942 0.00724637681159
0.395061728395 0.0987654320988 0.00617283950617 0.0987654320988 0.395061728395 0.00617283950617
0.565121412804 0.141280353201 0.00220750551876 0.141280353201 0.141280353201 0.00883002207506
0.724699221515 0.0452937013447 0.00070771408351 0.0452937013447 0.181174805379 0.00283085633404
0.779744907672 0.0121835141824 0.0001903674091 0.0121835141824 0.194936226918 0.000761469636398
0.934040248561 0.00364859472094 5.70092925147e-05 0.00364859472094 0.058377515535 0.000228037170059
0.794838208897 0.00310483675351 4.85130742735e-05 0.00310483675351 0.198709552224 0.000194052297094
0.166666666667 0.166666666667 0.166666666667 0.166666666667 0.166666666667 0.166666666667
0.266666666667 0.0666666666667 0.266666666667 0.266666666667 0.0666666666667 0.0666666666667
0.533333333333 0.0333333333333 0.133333333333 0.133333333333 0.133333333333 0.0333333333333
0.627450980392 0.00980392156863 0.0392156862745 0.156862745098 0.156862745098 0.00980392156863
0.609523809524 0.0380952380952 0.0380952380952 0.152380952381 0.152380952381 0.00952380952381
0.387878787879 0.0969696969697 0.0242424242424 0.0969696969697 0.387878787879 0.00606060606061
0.300469483568 0.075117370892 0.018779342723 0.300469483568 0.300469483568 0.00469483568075
0.158024691358 0.0395061728395 0.00987654320988 0.632098765432 0.158024691358 0.00246913580247
0.159501557632 0.0398753894081 0.00249221183801 0.63800623053 0.159501557632 0.000623052959502
0.431521281079 0.0269700800674 0.00168563000421 0.431521281079 0.10788032027 0.000421407501054
0.18127102142 0.0453177553549 0.00283235970968 0.725084085679 0.0453177553549 0.000177022481855
0.1812950914 0.04532377285 0.00283273580312 0.7251803656 0.04532377285 4.42614969238e-05
0.469711304148 0.0293569565093 0.00183480978183 0.469711304148 0.0293569565093 2.86689028411e-05
0.166666666667 0.166666666667 0.166666666667 0.166666666667 0.166666666667 0.166666666667
