Price Resolution OpticalZoom DigitalZoom Weight StorageIncluded
0.166666666667 0.166666666667 0.166666666667 0.166666666667 0.166666666667 0.166666666667
0.190476190476 0.190476190476 0.047619047619 0.190476190476 0.190476190476 0.190476190476
0.190476190476 0.190476190476 0.047619047619 0.190476190476 0.190476190476 0.190476190476
0.355555555556 0.0888888888889 0.0222222222222 0.0888888888889 0.355555555556 0.0888888888889
0.355555555556 0.0888888888889 0.0222222222222 0.0888888888889 0.355555555556 0.0888888888889
0.609523809524 0.152380952381 0.00952380952381 0.0380952380952 0.152380952381 0.0380952380952
0.651399491094 0.162849872774 0.00254452926209 0.0101781170483 0.162849872774 0.0101781170483
0.750183150183 0.0468864468864 0.000732600732601 0.0117216117216 0.187545787546 0.0029304029304
0.750183150183 0.0468864468864 0.000732600732601 0.0117216117216 0.187545787546 0.0029304029304
0.657675016057 0.164418754014 0.000642260757868 0.0102761721259 0.164418754014 0.00256904303147
0.430976430976 0.430976430976 0.0016835016835 0.026936026936 0.107744107744 0.0016835016835
0.751835535977 0.187958883994 0.000734214390602 0.0117474302496 0.0469897209985 0.000734214390602
0.875775069489 0.0547359418431 0.000855249091298 0.0136839854608 0.0547359418431 0.000213812272824
0.875775069489 0.0547359418431 0.000855249091298 0.0136839854608 0.0547359418431 0.000213812272824
0.965753020925 0.015089890952 0.000235779546124 0.00377247273799 0.015089890952 5.89448865311e-05
0.876477825924 0.0547798641203 0.00021398384422 0.0136949660301 0.0547798641203 5.34959610549e-05
0.841888906017 0.0526180566261 0.000205539283696 0.0526180566261 0.0526180566261 5.13848209239e-05
0.72672432912 0.18168108228 0.000709691727656 0.04542027057 0.04542027057 4.43557329785e-05
0.841921352501 0.0526200845313 0.0002055472052 0.0526200845313 0.0526200845313 1.2846700325e-05
0.166666666667 0.166666666667 0.166666666667 0.166666666667 0.166666666667 0.166666666667
0.0833333333333 0.0833333333333 0.333333333333 0.333333333333 0.0833333333333 0.0833333333333
0.222222222222 0.0555555555556 0.222222222222 0.222222222222 0.222222222222 0.0555555555556
0.296296296296 0.0185185185185 0.0740740740741 0.296296296296 0.296296296296 0.0185185185185
0.296296296296 0.0185185185185 0.0740740740741 0.296296296296 0.296296296296 0.0185185185185
0.627450980392 0.00980392156863 0.0392156862745 0.156862745098 0.156862745098 0.00980392156863
0.426666666667 0.00666666666667 0.0266666666667 0.106666666667 0.426666666667 0.00666666666667
0.479400749064 0.00187265917603 0.00749063670412 0.0299625468165 0.479400749064 0.00187265917603
0.479400749064 0.00187265917603 0.00749063670412 0.0299625468165 0.479400749064 0.00187265917603
0.482791136256 0.001885902876 0.001885902876 0.030174446016 0.482791136256 0.000471475719
0.480075011721 0.00750117205813 0.00187529301453 0.0300046882325 0.480075011721 0.000468823253633
0.779744907672 0.0121835141824 0.000761469636398 0.0121835141824 0.194936226918 0.0001903674091
0.934040248561 0.00364859472094 0.000228037170059 0.00364859472094 0.058377515535 5.70092925147e-05
0.794838208897 0.00310483675351 0.000194052297094 0.00310483675351 0.198709552224 4.85130742735e-05
0.934239974911 0.00364937490199 5.70214828437e-05 0.00364937490199 0.0583899984319 1.42553707109e-05
0.979885991963 0.000956919914027 1.49518736567e-05 0.00382767965611 0.0153107186244 3.73796841417e-06
0.977081027086 0.00381672276205 1.49090732893e-05 0.00381672276205 0.0152668910482 3.72726832232e-06
0.934289919845 0.00364956999939 1.42561328101e-05 0.00364956999939 0.0583931199903 3.56403320253e-06
0.914231508316 0.0142848673174 5.58002629587e-05 0.0142848673174 0.0571394692697 3.48751643492e-06
0.934292417232 0.00364957975481 1.42561709172e-05 0.00364957975481 0.058393276077 8.91010682327e-07
0.924173878402 0.00361005421251 1.41017742676e-05 0.01444021685 0.0577608674001 8.81360891726e-07
0.166666666667 0.166666666667 0.166666666667 0.166666666667 0.166666666667 0.166666666667
0.190476190476 0.190476190476 0.047619047619 0.190476190476 0.190476190476 0.190476190476
0.190476190476 0.190476190476 0.047619047619 0.190476190476 0.190476190476 0.190476190476
0.355555555556 0.0888888888889 0.0222222222222 0.0888888888889 0.355555555556 0.0888888888889
0.280701754386 0.280701754386 0.0175438596491 0.0701754385965 0.280701754386 0.0701754385965
0.152380952381 0.152380952381 0.00952380952381 0.0380952380952 0.609523809524 0.0380952380952
0.158024691358 0.158024691358 0.00246913580247 0.0395061728395 0.632098765432 0.00987654320988
0.185911401598 0.0464778503994 0.000726216412491 0.0116194625999 0.743645606391 0.0116194625999
0.185911401598 0.0464778503994 0.000726216412491 0.0116194625999 0.743645606391 0.0116194625999
0.163161249203 0.163161249203 0.0006373486297 0.0101975780752 0.652644996813 0.0101975780752
0.107337526205 0.429350104822 0.00041928721174 0.0268343815514 0.429350104822 0.00670859538784
0.32477006026 0.32477006026 0.000317158261973 0.0202981287663 0.32477006026 0.00507453219156
0.159576125916 0.159576125916 0.000155836060464 0.0398940314789 0.638304503662 0.00249337696743
0.0998342595301 0.39933703812 9.74943940723e-05 0.0998342595301 0.39933703812 0.00155991030516
0.142534015381 0.570136061523 3.47983435988e-05 0.142534015381 0.142534015381 0.00222709399033
0.166666666667 0.166666666667 0.166666666667 0.166666666667 0.166666666667 0.166666666667
0.222222222222 0.222222222222 0.0555555555556 0.222222222222 0.222222222222 0.0555555555556
0.533333333333 0.133333333333 0.0333333333333 0.133333333333 0.133333333333 0.0333333333333
0.484848484848 0.121212121212 0.030303030303 0.121212121212 0.121212121212 0.121212121212
0.484848484848 0.121212121212 0.030303030303 0.121212121212 0.121212121212 0.121212121212
0.688172043011 0.172043010753 0.010752688172 0.0430107526882 0.0430107526882 0.0430107526882
0.861952861953 0.0538720538721 0.003367003367 0.013468013468 0.0538720538721 0.013468013468
0.950789229341 0.0148560817084 0.000928505106778 0.0148560817084 0.0148560817084 0.00371402042711
0.910222222222 0.0568888888889 0.000888888888889 0.0142222222222 0.0142222222222 0.00355555555556
0.838656838657 0.0524160524161 0.000819000819001 0.0524160524161 0.0524160524161 0.003276003276
0.724699221515 0.181174805379 0.00070771408351 0.0452937013447 0.0452937013447 0.00283085633404
0.84124050113 0.0525775313206 0.000205380981721 0.0525775313206 0.0525775313206 0.000821523926884
0.84124050113 0.0525775313206 0.000205380981721 0.0525775313206 0.0525775313206 0.000821523926884
0.840722495895 0.0525451559934 0.000821018062397 0.0525451559934 0.0525451559934 0.000821018062397
0.954778554779 0.0149184149184 0.0002331002331 0.0149184149184 0.0149184149184 0.0002331002331
0.841759145088 0.052609946568 0.000205507603781 0.052609946568 0.052609946568 0.000205507603781
0.841759145088 0.052609946568 0.000205507603781 0.052609946568 0.052609946568 0.000205507603781
0.914183684857 0.0142841200759 5.57973440464e-05 0.0142841200759 0.0571364803035 5.57973440464e-05
0.166666666667 0.166666666667 0.166666666667 0.166666666667 0.166666666667 0.166666666667
