Price Resolution OpticalZoom DigitalZoom Weight StorageIncluded
0.166666666667 0.166666666667 0.166666666667 0.166666666667 0.166666666667 0.166666666667
0.166666666667 0.166666666667 0.166666666667 0.166666666667 0.166666666667 0.166666666667
0.166666666667 0.166666666667 0.166666666667 0.166666666667 0.166666666667 0.166666666667
0.166666666667 0.166666666667 0.166666666667 0.166666666667 0.166666666667 0.166666666667
0.0555555555556 0.222222222222 0.222222222222 0.222222222222 0.0555555555556 0.222222222222
0.190476190476 0.190476190476 0.190476190476 0.190476190476 0.047619047619 0.190476190476
0.333333333333 0.333333333333 0.0833333333333 0.0833333333333 0.0833333333333 0.0833333333333
0.592592592593 0.148148148148 0.037037037037 0.037037037037 0.148148148148 0.037037037037
0.380952380952 0.380952380952 0.0238095238095 0.0238095238095 0.0952380952381 0.0952380952381
0.177777777778 0.711111111111 0.0111111111111 0.0111111111111 0.0444444444444 0.0444444444444
0.148148148148 0.592592592593 0.037037037037 0.037037037037 0.037037037037 0.148148148148
0.172043010753 0.688172043011 0.010752688172 0.0430107526882 0.0430107526882 0.0430107526882
0.152380952381 0.609523809524 0.00952380952381 0.0380952380952 0.152380952381 0.0380952380952
0.136752136752 0.547008547009 0.00854700854701 0.136752136752 0.136752136752 0.034188034188
0.152380952381 0.609523809524 0.00952380952381 0.0380952380952 0.152380952381 0.0380952380952
0.104575163399 0.418300653595 0.00653594771242 0.0261437908497 0.418300653595 0.0261437908497
0.318407960199 0.318407960199 0.00497512437811 0.0199004975124 0.318407960199 0.0199004975124
0.651399491094 0.162849872774 0.00254452926209 0.0101781170483 0.162849872774 0.0101781170483
0.437606837607 0.109401709402 0.0017094017094 0.00683760683761 0.437606837607 0.00683760683761
0.437606837607 0.109401709402 0.0017094017094 0.00683760683761 0.437606837607 0.00683760683761
0.324461343473 0.324461343473 0.00126742712294 0.00506970849176 0.324461343473 0.020278833967
0.657675016057 0.164418754014 0.000642260757868 0.00256904303147 0.164418754014 0.0102761721259
0.32477006026 0.32477006026 0.000317158261973 0.00507453219156 0.32477006026 0.0202981287663
0.164497991968 0.657991967871 0.000160642570281 0.0025702811245 0.164497991968 0.010281124498
0.0553035212789 0.884856340462 0.000216029379996 0.000864117519983 0.0553035212789 0.00345647007993
0.166098945661 0.664395782644 0.000162206001622 0.000648824006488 0.166098945661 0.00259529602595
0.166098945661 0.664395782644 0.000162206001622 0.000648824006488 0.166098945661 0.00259529602595
0.164815708997 0.659262835989 0.000160952840818 0.000643811363271 0.164815708997 0.0103009818123
0.188088350094 0.752353400377 4.59200073472e-05 0.000734720117555 0.0470220875235 0.0117555218809
0.480962865111 0.480962865111 2.93556436225e-05 0.00046969029796 0.0300601790694 0.00751504476736
0.480962865111 0.480962865111 2.93556436225e-05 0.00046969029796 0.0300601790694 0.00751504476736
0.480973454575 0.480973454575 7.33907248802e-06 0.000469700639233 0.0300608409109 0.00751521022773
0.195084197335 0.780336789338 2.97674861656e-06 0.00019051191146 0.0121927623334 0.0121927623334
0.480976102014 0.480976102014 1.83477822118e-06 0.000469703224623 0.0300610063759 0.00751525159396
0.196884622895 0.787538491581 3.00422093041e-06 0.000192270139546 0.0123052889309 0.00307632223274
0.483699783746 0.483699783746 7.38067296976e-06 0.000472363070065 0.0302312364841 0.00188945228026
0.166666666667 0.166666666667 0.166666666667 0.166666666667 0.166666666667 0.166666666667
0.0833333333333 0.333333333333 0.0833333333333 0.0833333333333 0.0833333333333 0.333333333333
0.266666666667 0.266666666667 0.0666666666667 0.0666666666667 0.0666666666667 0.266666666667
0.380952380952 0.380952380952 0.0238095238095 0.0238095238095 0.0952380952381 0.0952380952381
0.627450980392 0.156862745098 0.00980392156863 0.00980392156863 0.156862745098 0.0392156862745
0.395061728395 0.395061728395 0.00617283950617 0.00617283950617 0.0987654320988 0.0987654320988
0.180790960452 0.723163841808 0.00282485875706 0.00282485875706 0.045197740113 0.045197740113
0.156862745098 0.627450980392 0.00980392156863 0.00980392156863 0.0392156862745 0.156862745098
0.179271708683 0.717086834734 0.00280112044818 0.0112044817927 0.0448179271709 0.0448179271709
0.158024691358 0.632098765432 0.00246913580247 0.00987654320988 0.158024691358 0.0395061728395
0.153477218225 0.613908872902 0.00239808153477 0.0383693045564 0.153477218225 0.0383693045564
0.158024691358 0.632098765432 0.00246913580247 0.00987654320988 0.158024691358 0.0395061728395
0.107202680067 0.428810720268 0.00167504187605 0.00670016750419 0.428810720268 0.0268006700168
0.324461343473 0.324461343473 0.00126742712294 0.00506970849176 0.324461343473 0.020278833967
0.657675016057 0.164418754014 0.000642260757868 0.00256904303147 0.164418754014 0.0102761721259
0.440430107527 0.110107526882 0.000430107526882 0.00172043010753 0.440430107527 0.00688172043011
0.331070158422 0.331070158422 0.000323310701584 0.00129324280634 0.331070158422 0.00517297122535
0.166098945661 0.664395782644 0.000162206001622 0.000648824006488 0.166098945661 0.00259529602595
0.442858687426 0.442858687426 0.000108119796735 0.00172991674776 0.110714671856 0.00172991674776
0.331150456787 0.331150456787 8.0847279489e-05 0.0051742258873 0.331150456787 0.00129355647182
0.331070158422 0.331070158422 0.000323310701584 0.00517297122535 0.331070158422 0.00129324280634
0.110858503843 0.443434015373 0.000108260257659 0.00173216412255 0.443434015373 0.000433041030638
0.110822510823 0.44329004329 0.0004329004329 0.0017316017316 0.44329004329 0.0004329004329
0.110678772157 0.442715088629 0.00043233895374 0.00172935581496 0.442715088629 0.00172935581496
0.166422883146 0.166422883146 0.000162522346823 0.000650089387291 0.665691532586 0.000650089387291
0.333089371391 0.333089371391 8.13206473124e-05 0.000325282589249 0.333089371391 0.000325282589249
0.166605653854 0.666422615416 4.06752084604e-05 0.000162700833842 0.166605653854 0.000162700833842
0.166504065041 0.666016260163 0.000162601626016 0.000162601626016 0.166504065041 0.000650406504065
0.333089371391 0.333089371391 8.13206473124e-05 0.000325282589249 0.333089371391 0.000325282589249
0.666422615416 0.166605653854 4.06752084604e-05 0.000162700833842 0.166605653854 0.000162700833842
0.444335963984 0.444335963984 2.71201149893e-05 0.000108480459957 0.111083990996 0.000108480459957
0.444335963984 0.444335963984 2.71201149893e-05 0.000108480459957 0.111083990996 0.000108480459957
