Price Resolution OpticalZoom DigitalZoom Weight StorageIncluded
0.166666666667 0.166666666667 0.166666666667 0.166666666667 0.166666666667 0.166666666667
0.0666666666667 0.266666666667 0.266666666667 0.0666666666667 0.0666666666667 0.266666666667
0.222222222222 0.222222222222 0.222222222222 0.0555555555556 0.0555555555556 0.222222222222
0.355555555556 0.355555555556 0.0888888888889 0.0222222222222 0.0888888888889 0.0888888888889
0.609523809524 0.152380952381 0.0380952380952 0.00952380952381 0.152380952381 0.0380952380952
0.387878787879 0.387878787879 0.0242424242424 0.00606060606061 0.0969696969697 0.0969696969697
0.156862745098 0.627450980392 0.00980392156863 0.00980392156863 0.0392156862745 0.156862745098
0.152380952381 0.609523809524 0.0380952380952 0.00952380952381 0.0380952380952 0.152380952381
0.133333333333 0.533333333333 0.0333333333333 0.0333333333333 0.133333333333 0.133333333333
0.177777777778 0.711111111111 0.0111111111111 0.0111111111111 0.0444444444444 0.0444444444444
0.0544217687075 0.87074829932 0.00340136054422 0.00340136054422 0.0544217687075 0.0136054421769
0.0533333333333 0.853333333333 0.0133333333333 0.0133333333333 0.0533333333333 0.0133333333333
0.161616161616 0.646464646465 0.010101010101 0.010101010101 0.161616161616 0.010101010101
0.047197640118 0.755162241888 0.00294985250737 0.00294985250737 0.188790560472 0.00294985250737
0.046783625731 0.748538011696 0.00292397660819 0.00292397660819 0.187134502924 0.0116959064327
0.109965635739 0.439862542955 0.00171821305842 0.00171821305842 0.439862542955 0.00687285223368
0.325699745547 0.325699745547 0.00127226463104 0.00127226463104 0.325699745547 0.0203562340967
0.325699745547 0.325699745547 0.00127226463104 0.00127226463104 0.325699745547 0.0203562340967
0.164736164736 0.658944658945 0.000643500643501 0.000643500643501 0.164736164736 0.010296010296
0.0547710740265 0.876337184424 0.000213949507916 0.000213949507916 0.0547710740265 0.0136927685066
0.0553483595481 0.88557375277 5.40511323712e-05 0.000216204529485 0.0553483595481 0.00345927247176
0.189866963334 0.759467853335 4.63542390952e-05 0.000185416956381 0.0474667408334 0.00296667130209
0.189866963334 0.759467853335 4.63542390952e-05 0.000185416956381 0.0474667408334 0.00296667130209
0.0579120009049 0.926592014478 5.65546883837e-05 5.65546883837e-05 0.0144780002262 0.000904875014139
0.166666666667 0.166666666667 0.166666666667 0.166666666667 0.166666666667 0.166666666667
0.166666666667 0.166666666667 0.166666666667 0.166666666667 0.166666666667 0.166666666667
0.166666666667 0.166666666667 0.166666666667 0.166666666667 0.166666666667 0.166666666667
0.0555555555556 0.222222222222 0.222222222222 0.222222222222 0.0555555555556 0.222222222222
0.190476190476 0.190476190476 0.190476190476 0.190476190476 0.047619047619 0.190476190476
0.333333333333 0.333333333333 0.0833333333333 0.0833333333333 0.0833333333333 0.0833333333333
0.592592592593 0.148148148148 0.037037037037 0.037037037037 0.148148148148 0.037037037037
0.380952380952 0.380952380952 0.0238095238095 0.0238095238095 0.0952380952381 0.0952380952381
0.152380952381 0.609523809524 0.00952380952381 0.0380952380952 0.0380952380952 0.152380952381
0.0533333333333 0.853333333333 0.0133333333333 0.0133333333333 0.0133333333333 0.0533333333333
0.172043010753 0.688172043011 0.010752688172 0.0430107526882 0.0430107526882 0.0430107526882
0.185507246377 0.742028985507 0.00289855072464 0.0115942028986 0.0463768115942 0.0115942028986
0.0568888888889 0.910222222222 0.000888888888889 0.0142222222222 0.0142222222222 0.00355555555556
0.0568888888889 0.910222222222 0.000888888888889 0.0142222222222 0.0142222222222 0.00355555555556
0.181174805379 0.724699221515 0.00070771408351 0.0452937013447 0.0452937013447 0.00283085633404
0.469509399358 0.469509399358 0.000458505272811 0.0293443374599 0.0293443374599 0.00183402109124
0.431521281079 0.431521281079 0.000421407501054 0.0269700800674 0.10788032027 0.00168563000421
0.431521281079 0.431521281079 0.000421407501054 0.0269700800674 0.10788032027 0.00168563000421
0.187648891332 0.750595565329 0.000183250870442 0.0117280557083 0.0469122228331 0.00293201392707
0.164497991968 0.657991967871 0.000160642570281 0.010281124498 0.164497991968 0.0025702811245
0.4405722276 0.4405722276 0.000107561579004 0.00688394105625 0.1101430569 0.00172098526406
0.166666666667 0.166666666667 0.166666666667 0.166666666667 0.166666666667 0.166666666667
0.266666666667 0.0666666666667 0.0666666666667 0.266666666667 0.266666666667 0.0666666666667
0.266666666667 0.0666666666667 0.0666666666667 0.266666666667 0.266666666667 0.0666666666667
0.266666666667 0.0666666666667 0.0666666666667 0.266666666667 0.266666666667 0.0666666666667
0.355555555556 0.0888888888889 0.0222222222222 0.355555555556 0.0888888888889 0.0888888888889
0.133333333333 0.133333333333 0.0333333333333 0.533333333333 0.133333333333 0.0333333333333
0.121212121212 0.121212121212 0.030303030303 0.484848484848 0.121212121212 0.121212121212
0.231884057971 0.231884057971 0.0144927536232 0.231884057971 0.231884057971 0.0579710144928
0.245210727969 0.245210727969 0.00383141762452 0.245210727969 0.245210727969 0.0153256704981
0.396899224806 0.0992248062016 0.0015503875969 0.396899224806 0.0992248062016 0.0062015503876
0.142459654981 0.142459654981 0.000556483027268 0.569838619922 0.142459654981 0.00222593210907
0.0992248062016 0.396899224806 0.0015503875969 0.396899224806 0.0992248062016 0.0062015503876
0.142222222222 0.142222222222 0.00222222222222 0.568888888889 0.142222222222 0.00222222222222
0.306954436451 0.0767386091127 0.00119904076739 0.306954436451 0.306954436451 0.00119904076739
0.639200998752 0.039950062422 0.000624219725343 0.159800249688 0.159800249688 0.000624219725343
0.570791527313 0.142697881828 0.000557413600892 0.142697881828 0.142697881828 0.000557413600892
0.39968774395 0.39968774395 0.000390320062451 0.0999219359875 0.0999219359875 0.000390320062451
0.307230723072 0.307230723072 0.001200120012 0.307230723072 0.0768076807681 0.000300030003
0.571030252335 0.142757563084 0.000557646730796 0.142757563084 0.142757563084 0.000139411682699
0.841888906017 0.0526180566261 0.000205539283696 0.0526180566261 0.0526180566261 5.13848209239e-05
0.571269177127 0.142817294282 0.000139470013947 0.142817294282 0.142817294282 0.000139470013947
0.307646086826 0.307646086826 7.51089079165e-05 0.307646086826 0.0769115217065 7.51089079165e-05
0.307646086826 0.307646086826 7.51089079165e-05 0.307646086826 0.0769115217065 7.51089079165e-05
