Price Resolution OpticalZoom DigitalZoom Weight StorageIncluded
0.166666666667 0.166666666667 0.166666666667 0.166666666667 0.166666666667 0.166666666667
0.0555555555556 0.222222222222 0.222222222222 0.222222222222 0.0555555555556 0.222222222222
0.0555555555556 0.222222222222 0.222222222222 0.222222222222 0.0555555555556 0.222222222222
0.190476190476 0.190476190476 0.190476190476 0.190476190476 0.047619047619 0.190476190476
0.333333333333 0.0833333333333 0.333333333333 0.0833333333333 0.0833333333333 0.0833333333333
0.148148148148 0.148148148148 0.592592592593 0.037037037037 0.037037037037 0.037037037037
0.102564102564 0.410256410256 0.410256410256 0.025641025641 0.025641025641 0.025641025641
0.166666666667 0.166666666667 0.166666666667 0.166666666667 0.166666666667 0.166666666667
0.0666666666667 0.266666666667 0.266666666667 0.266666666667 0.0666666666667 0.0666666666667
0.0555555555556 0.222222222222 0.222222222222 0.222222222222 0.222222222222 0.0555555555556
0.0333333333333 0.133333333333 0.533333333333 0.133333333333 0.133333333333 0.0333333333333
0.0430107526882 0.0430107526882 0.688172043011 0.0430107526882 0.172043010753 0.010752688172
0.0333333333333 0.133333333333 0.533333333333 0.133333333333 0.133333333333 0.0333333333333
0.121212121212 0.121212121212 0.484848484848 0.121212121212 0.121212121212 0.030303030303
0.280701754386 0.0701754385965 0.280701754386 0.0701754385965 0.280701754386 0.0175438596491
0.136752136752 0.034188034188 0.547008547009 0.136752136752 0.136752136752 0.00854700854701
0.0498442367601 0.0498442367601 0.797507788162 0.0498442367601 0.0498442367601 0.00311526479751
0.0433604336043 0.173441734417 0.693766937669 0.0433604336043 0.0433604336043 0.00271002710027
0.014072119613 0.0562884784521 0.900615655233 0.014072119613 0.014072119613 0.000879507475814
0.0120391271633 0.192626034612 0.77050413845 0.0120391271633 0.0120391271633 0.000752445447705
0.166666666667 0.166666666667 0.166666666667 0.166666666667 0.166666666667 0.166666666667
0.166666666667 0.166666666667 0.166666666667 0.166666666667 0.166666666667 0.166666666667
0.222222222222 0.0555555555556 0.0555555555556 0.222222222222 0.222222222222 0.222222222222
0.190476190476 0.047619047619 0.190476190476 0.190476190476 0.190476190476 0.190476190476
0.121212121212 0.030303030303 0.484848484848 0.121212121212 0.121212121212 0.121212121212
0.148148148148 0.037037037037 0.592592592593 0.148148148148 0.037037037037 0.037037037037
0.148148148148 0.037037037037 0.592592592593 0.148148148148 0.037037037037 0.037037037037
0.410256410256 0.025641025641 0.410256410256 0.102564102564 0.025641025641 0.025641025641
0.426666666667 0.00666666666667 0.426666666667 0.106666666667 0.0266666666667 0.00666666666667
0.748538011696 0.00292397660819 0.187134502924 0.046783625731 0.0116959064327 0.00292397660819
0.651399491094 0.0101781170483 0.162849872774 0.162849872774 0.0101781170483 0.00254452926209
0.627450980392 0.0392156862745 0.156862745098 0.156862745098 0.00980392156863 0.00980392156863
0.861952861953 0.013468013468 0.0538720538721 0.0538720538721 0.013468013468 0.003367003367
0.910222222222 0.00355555555556 0.0142222222222 0.0568888888889 0.0142222222222 0.000888888888889
0.872975277067 0.00341005967604 0.0545609548167 0.0545609548167 0.0136402387042 0.000852514919011
0.964899882214 0.000942285041225 0.0150765606596 0.0150765606596 0.0037691401649 0.000235571260306
0.978733572282 0.000955794504182 0.0152927120669 0.00382317801673 0.000955794504182 0.000238948626045
0.993873218077 0.000242644828632 0.00388231725811 0.000970579314528 0.000970579314528 6.0661207158e-05
0.994823686567 6.07192191508e-05 0.00388603002565 0.000971507506413 0.000242876876603 1.51798047877e-05
0.980358718904 0.000239345390357 0.0153181049829 0.00382952624572 0.000239345390357 1.49590868973e-05
0.97895287176 0.000956008663829 0.0152961386213 0.00382403465531 0.000956008663829 1.49376353723e-05
0.936001256838 0.00091406372738 0.0585000785524 0.00365625490952 0.00091406372738 1.42822457403e-05
0.787077403471 0.00307452110731 0.196769350868 0.0122980844292 0.000768630276827 1.20098480754e-05
0.787049046452 0.0030744103377 0.196762261613 0.0122976413508 0.000768602584426 4.80376615266e-05
0.936001256838 0.00091406372738 0.0585000785524 0.00365625490952 0.00091406372738 1.42822457403e-05
0.920850370245 0.00359707175877 0.0575531481403 0.0143882870351 0.00359707175877 1.40510615577e-05
0.864819213513 0.0135128002111 0.0540512008446 0.0540512008446 0.0135128002111 5.27843758248e-05
0.166666666667 0.166666666667 0.166666666667 0.166666666667 0.166666666667 0.166666666667
