Price Resolution OpticalZoom DigitalZoom Weight StorageIncluded
0.166666666667 0.166666666667 0.166666666667 0.166666666667 0.166666666667 0.166666666667
0.166666666667 0.166666666667 0.166666666667 0.166666666667 0.166666666667 0.166666666667
0.0666666666667 0.266666666667 0.266666666667 0.266666666667 0.0666666666667 0.0666666666667
0.0555555555556 0.222222222222 0.222222222222 0.222222222222 0.222222222222 0.0555555555556
0.121212121212 0.121212121212 0.121212121212 0.121212121212 0.484848484848 0.030303030303
0.0888888888889 0.355555555556 0.0888888888889 0.0888888888889 0.355555555556 0.0222222222222
0.231884057971 0.231884057971 0.231884057971 0.0579710144928 0.231884057971 0.0144927536232
0.136752136752 0.136752136752 0.136752136752 0.034188034188 0.547008547009 0.00854700854701
0.300469483568 0.075117370892 0.300469483568 0.018779342723 0.300469483568 0.00469483568075
0.0974124809741 0.0974124809741 0.389649923896 0.0243531202435 0.389649923896 0.00152207001522
0.0395794681509 0.158317872604 0.633271490414 0.00989486703772 0.158317872604 0.000618429189858
0.0262725779967 0.420361247947 0.420361247947 0.0262725779967 0.105090311987 0.00164203612479
0.0974124809741 0.389649923896 0.389649923896 0.0243531202435 0.0974124809741 0.00152207001522
0.245917387128 0.245917387128 0.245917387128 0.0153698366955 0.245917387128 0.000960614793468
0.0975238095238 0.390095238095 0.390095238095 0.024380952381 0.0975238095238 0.000380952380952
0.0974124809741 0.389649923896 0.389649923896 0.0243531202435 0.0974124809741 0.00152207001522
0.0974124809741 0.389649923896 0.389649923896 0.0243531202435 0.0974124809741 0.00152207001522
0.245917387128 0.245917387128 0.245917387128 0.0153698366955 0.245917387128 0.000960614793468
0.566058595909 0.141514648977 0.141514648977 0.00884466556108 0.141514648977 0.000552791597568
0.305854241338 0.305854241338 0.305854241338 0.00477897252091 0.0764635603345 0.00119474313023
0.107202680067 0.428810720268 0.428810720268 0.00670016750419 0.0268006700168 0.00167504187605
0.301531213192 0.301531213192 0.301531213192 0.0188457008245 0.075382803298 0.00117785630153
0.245210727969 0.245210727969 0.245210727969 0.0153256704981 0.245210727969 0.00383141762452
0.301531213192 0.301531213192 0.075382803298 0.0188457008245 0.301531213192 0.00117785630153
0.166666666667 0.166666666667 0.166666666667 0.166666666667 0.166666666667 0.166666666667
0.166666666667 0.166666666667 0.166666666667 0.166666666667 0.166666666667 0.166666666667
0.222222222222 0.0555555555556 0.0555555555556 0.222222222222 0.222222222222 0.222222222222
0.190476190476 0.047619047619 0.190476190476 0.190476190476 0.190476190476 0.190476190476
0.121212121212 0.030303030303 0.484848484848 0.121212121212 0.121212121212 0.121212121212
0.121212121212 0.030303030303 0.484848484848 0.121212121212 0.121212121212 0.121212121212
0.133333333333 0.0333333333333 0.533333333333 0.133333333333 0.133333333333 0.0333333333333
0.380952380952 0.0238095238095 0.380952380952 0.0952380952381 0.0952380952381 0.0238095238095
0.148148148148 0.037037037037 0.592592592593 0.148148148148 0.037037037037 0.037037037037
0.148148148148 0.037037037037 0.592592592593 0.148148148148 0.037037037037 0.037037037037
0.380952380952 0.0238095238095 0.380952380952 0.0952380952381 0.0952380952381 0.0238095238095
0.296296296296 0.0185185185185 0.296296296296 0.296296296296 0.0740740740741 0.0185185185185
0.148148148148 0.037037037037 0.592592592593 0.148148148148 0.037037037037 0.037037037037
0.177777777778 0.0444444444444 0.711111111111 0.0444444444444 0.0111111111111 0.0111111111111
0.156862745098 0.156862745098 0.627450980392 0.0392156862745 0.00980392156863 0.00980392156863
0.0969696969697 0.387878787879 0.387878787879 0.0969696969697 0.00606060606061 0.0242424242424
0.242424242424 0.242424242424 0.242424242424 0.242424242424 0.0151515151515 0.0151515151515
0.380952380952 0.0952380952381 0.380952380952 0.0952380952381 0.0238095238095 0.0238095238095
0.355555555556 0.0888888888889 0.355555555556 0.0888888888889 0.0888888888889 0.0222222222222
0.166666666667 0.166666666667 0.166666666667 0.166666666667 0.166666666667 0.166666666667
0.0555555555556 0.222222222222 0.222222222222 0.222222222222 0.0555555555556 0.222222222222
0.0555555555556 0.222222222222 0.222222222222 0.222222222222 0.0555555555556 0.222222222222
0.0888888888889 0.0888888888889 0.0888888888889 0.355555555556 0.0222222222222 0.355555555556
0.222222222222 0.0555555555556 0.222222222222 0.222222222222 0.0555555555556 0.222222222222
0.121212121212 0.121212121212 0.121212121212 0.484848484848 0.030303030303 0.121212121212
0.0833333333333 0.0833333333333 0.0833333333333 0.333333333333 0.0833333333333 0.333333333333
0.0888888888889 0.0888888888889 0.0222222222222 0.355555555556 0.0888888888889 0.355555555556
0.124031007752 0.124031007752 0.0077519379845 0.496124031008 0.124031007752 0.124031007752
