Price Resolution OpticalZoom DigitalZoom Weight StorageIncluded
0.166666666667 0.166666666667 0.166666666667 0.166666666667 0.166666666667 0.166666666667
0.0666666666667 0.266666666667 0.266666666667 0.266666666667 0.0666666666667 0.0666666666667
0.190476190476 0.190476190476 0.190476190476 0.190476190476 0.190476190476 0.047619047619
0.166666666667 0.166666666667 0.166666666667 0.166666666667 0.166666666667 0.166666666667
0.0666666666667 0.266666666667 0.266666666667 0.266666666667 0.0666666666667 0.0666666666667
0.190476190476 0.190476190476 0.190476190476 0.190476190476 0.190476190476 0.047619047619
0.166666666667 0.166666666667 0.166666666667 0.166666666667 0.166666666667 0.166666666667
0.0833333333333 0.0833333333333 0.333333333333 0.333333333333 0.0833333333333 0.0833333333333
0.166666666667 0.166666666667 0.166666666667 0.166666666667 0.166666666667 0.166666666667
0.0555555555556 0.222222222222 0.222222222222 0.222222222222 0.222222222222 0.0555555555556
0.0238095238095 0.380952380952 0.0952380952381 0.0952380952381 0.380952380952 0.0238095238095
0.0430107526882 0.688172043011 0.0430107526882 0.0430107526882 0.172043010753 0.010752688172
0.104575163399 0.418300653595 0.0261437908497 0.0261437908497 0.418300653595 0.00653594771242
0.318407960199 0.318407960199 0.0199004975124 0.0199004975124 0.318407960199 0.00497512437811
0.651399491094 0.162849872774 0.0101781170483 0.0101781170483 0.162849872774 0.00254452926209
0.428810720268 0.428810720268 0.00670016750419 0.0268006700168 0.107202680067 0.00167504187605
0.185911401598 0.743645606391 0.0116194625999 0.0116194625999 0.0464778503994 0.000726216412491
0.0545958626573 0.873533802517 0.00341224141608 0.0136489656643 0.0545958626573 0.000213265088505
0.0519059205191 0.830494728305 0.0129764801298 0.0519059205191 0.0519059205191 0.00081103000811
0.166666666667 0.166666666667 0.166666666667 0.166666666667 0.166666666667 0.166666666667
