Price Resolution OpticalZoom DigitalZoom Weight StorageIncluded
0.166666666667 0.166666666667 0.166666666667 0.166666666667 0.166666666667 0.166666666667
0.222222222222 0.222222222222 0.0555555555556 0.222222222222 0.0555555555556 0.222222222222
0.222222222222 0.222222222222 0.0555555555556 0.222222222222 0.0555555555556 0.222222222222
0.484848484848 0.121212121212 0.030303030303 0.121212121212 0.121212121212 0.121212121212
0.688172043011 0.0430107526882 0.010752688172 0.0430107526882 0.172043010753 0.0430107526882
0.688172043011 0.0430107526882 0.010752688172 0.0430107526882 0.172043010753 0.0430107526882
0.768768768769 0.012012012012 0.003003003003 0.012012012012 0.192192192192 0.012012012012
0.466302367942 0.0291438979964 0.00182149362477 0.0291438979964 0.466302367942 0.00728597449909
0.166666666667 0.166666666667 0.166666666667 0.166666666667 0.166666666667 0.166666666667
0.222222222222 0.222222222222 0.0555555555556 0.222222222222 0.222222222222 0.0555555555556
0.533333333333 0.133333333333 0.0333333333333 0.133333333333 0.133333333333 0.0333333333333
0.380952380952 0.380952380952 0.0238095238095 0.0952380952381 0.0952380952381 0.0238095238095
0.177777777778 0.711111111111 0.0111111111111 0.0444444444444 0.0444444444444 0.0111111111111
0.140350877193 0.561403508772 0.00877192982456 0.140350877193 0.140350877193 0.00877192982456
0.141280353201 0.565121412804 0.00220750551876 0.141280353201 0.141280353201 0.00883002207506
0.166666666667 0.166666666667 0.166666666667 0.166666666667 0.166666666667 0.166666666667
0.166666666667 0.166666666667 0.166666666667 0.166666666667 0.166666666667 0.166666666667
0.166666666667 0.166666666667 0.166666666667 0.166666666667 0.166666666667 0.166666666667
0.222222222222 0.222222222222 0.0555555555556 0.222222222222 0.222222222222 0.0555555555556
0.533333333333 0.133333333333 0.0333333333333 0.133333333333 0.133333333333 0.0333333333333
0.380952380952 0.380952380952 0.0238095238095 0.0952380952381 0.0952380952381 0.0238095238095
0.177777777778 0.711111111111 0.0111111111111 0.0444444444444 0.0444444444444 0.0111111111111
0.140350877193 0.561403508772 0.00877192982456 0.140350877193 0.140350877193 0.00877192982456
0.395061728395 0.395061728395 0.00617283950617 0.0987654320988 0.0987654320988 0.00617283950617
0.141280353201 0.565121412804 0.00220750551876 0.141280353201 0.141280353201 0.00883002207506
0.166666666667 0.166666666667 0.166666666667 0.166666666667 0.166666666667 0.166666666667
0.0555555555556 0.222222222222 0.0555555555556 0.222222222222 0.222222222222 0.222222222222
0.0555555555556 0.222222222222 0.0555555555556 0.222222222222 0.222222222222 0.222222222222
0.121212121212 0.121212121212 0.030303030303 0.121212121212 0.484848484848 0.121212121212
0.0430107526882 0.0430107526882 0.010752688172 0.172043010753 0.688172043011 0.0430107526882
0.136752136752 0.136752136752 0.00854700854701 0.136752136752 0.547008547009 0.034188034188
0.0448179271709 0.179271708683 0.00280112044818 0.0448179271709 0.717086834734 0.0112044817927
0.158024691358 0.158024691358 0.00246913580247 0.0395061728395 0.632098765432 0.00987654320988
0.107202680067 0.428810720268 0.00167504187605 0.0268006700168 0.428810720268 0.00670016750419
0.164418754014 0.657675016057 0.000642260757868 0.0102761721259 0.164418754014 0.00256904303147
0.440430107527 0.440430107527 0.000430107526882 0.00688172043011 0.110107526882 0.00172043010753
0.326010824578 0.326010824578 0.000318369945877 0.0203756765361 0.326010824578 0.00127347978351
0.108051071014 0.432204284056 0.000105518624037 0.0270127677535 0.432204284056 0.000422074496149
0.326088687206 0.326088687206 7.96114959e-05 0.0203805429504 0.326088687206 0.0012737839344
0.110151942988 0.440607771951 2.6892564206e-05 0.00688449643674 0.440607771951 0.00172112410918
0.166666666667 0.166666666667 0.166666666667 0.166666666667 0.166666666667 0.166666666667
0.190476190476 0.190476190476 0.047619047619 0.190476190476 0.190476190476 0.190476190476
0.190476190476 0.190476190476 0.047619047619 0.190476190476 0.190476190476 0.190476190476
0.355555555556 0.0888888888889 0.0222222222222 0.0888888888889 0.355555555556 0.0888888888889
0.266666666667 0.266666666667 0.0666666666667 0.0666666666667 0.266666666667 0.0666666666667
0.592592592593 0.148148148148 0.037037037037 0.037037037037 0.148148148148 0.037037037037
0.646464646465 0.161616161616 0.010101010101 0.010101010101 0.161616161616 0.010101010101
0.748538011696 0.046783625731 0.00292397660819 0.0116959064327 0.187134502924 0.00292397660819
0.922522522523 0.0144144144144 0.000900900900901 0.0036036036036 0.0576576576577 0.000900900900901
0.758518518519 0.0474074074074 0.000740740740741 0.00296296296296 0.18962962963 0.000740740740741
0.44329004329 0.110822510823 0.0004329004329 0.0017316017316 0.44329004329 0.0004329004329
0.483817623435 0.0302386014647 0.000118119536971 0.00188991259154 0.483817623435 0.000118119536971
0.190316885048 0.047579221262 4.64640832636e-05 0.000743425332218 0.761267540191 4.64640832636e-05
0.166524372891 0.166524372891 0.000162621457901 0.000650485831605 0.666097491564 4.06553644753e-05
0.19042969885 0.0476074247126 4.64916256959e-05 0.000185966502784 0.761718795402 1.1622906424e-05
0.190323517454 0.0475808793634 4.64657025033e-05 0.000743451240053 0.761294069815 1.16164256258e-05
0.166666666667 0.166666666667 0.166666666667 0.166666666667 0.166666666667 0.166666666667
0.166666666667 0.166666666667 0.166666666667 0.166666666667 0.166666666667 0.166666666667
0.266666666667 0.0666666666667 0.266666666667 0.266666666667 0.0666666666667 0.0666666666667
0.484848484848 0.121212121212 0.121212121212 0.121212121212 0.121212121212 0.030303030303
0.688172043011 0.0430107526882 0.0430107526882 0.0430107526882 0.172043010753 0.010752688172
0.418300653595 0.104575163399 0.0261437908497 0.0261437908497 0.418300653595 0.00653594771242
0.466302367942 0.0291438979964 0.00728597449909 0.0291438979964 0.466302367942 0.00182149362477
0.428810720268 0.107202680067 0.00670016750419 0.0268006700168 0.428810720268 0.00167504187605
0.657675016057 0.164418754014 0.00256904303147 0.0102761721259 0.164418754014 0.000642260757868
0.884856340462 0.0553035212789 0.000864117519983 0.00345647007993 0.0553035212789 0.000216029379996
0.750595565329 0.0469122228331 0.00293201392707 0.0117280557083 0.187648891332 0.000183250870442
0.787049046452 0.0122976413508 0.000768602584426 0.0030744103377 0.196762261613 4.80376615266e-05
0.166666666667 0.166666666667 0.166666666667 0.166666666667 0.166666666667 0.166666666667
0.0666666666667 0.266666666667 0.0666666666667 0.266666666667 0.0666666666667 0.266666666667
0.0666666666667 0.266666666667 0.0666666666667 0.266666666667 0.0666666666667 0.266666666667
0.190476190476 0.190476190476 0.047619047619 0.190476190476 0.190476190476 0.190476190476
0.0701754385965 0.280701754386 0.0175438596491 0.280701754386 0.280701754386 0.0701754385965
0.136752136752 0.136752136752 0.00854700854701 0.136752136752 0.547008547009 0.034188034188
0.090395480226 0.361581920904 0.00564971751412 0.090395480226 0.361581920904 0.090395480226
0.090780141844 0.363120567376 0.00141843971631 0.090780141844 0.363120567376 0.090780141844
