Price Resolution OpticalZoom DigitalZoom Weight StorageIncluded
0.166666666667 0.166666666667 0.166666666667 0.166666666667 0.166666666667 0.166666666667
0.0555555555556 0.222222222222 0.222222222222 0.222222222222 0.222222222222 0.0555555555556
0.121212121212 0.121212121212 0.121212121212 0.121212121212 0.484848484848 0.030303030303
0.172043010753 0.0430107526882 0.0430107526882 0.0430107526882 0.688172043011 0.010752688172
0.418300653595 0.0261437908497 0.0261437908497 0.104575163399 0.418300653595 0.00653594771242
0.387878787879 0.0969696969697 0.0242424242424 0.0969696969697 0.387878787879 0.00606060606061
0.234432234432 0.234432234432 0.0586080586081 0.234432234432 0.234432234432 0.003663003663
0.301531213192 0.075382803298 0.0188457008245 0.301531213192 0.301531213192 0.00117785630153
0.301531213192 0.075382803298 0.0188457008245 0.301531213192 0.301531213192 0.00117785630153
0.245917387128 0.245917387128 0.0153698366955 0.245917387128 0.245917387128 0.000960614793468
0.306128550075 0.306128550075 0.00478325859492 0.0765321375187 0.306128550075 0.000298953662182
0.570076548365 0.142519137091 0.00222686151705 0.142519137091 0.142519137091 0.000139178844816
0.570076548365 0.142519137091 0.00222686151705 0.142519137091 0.142519137091 0.000139178844816
0.166666666667 0.166666666667 0.166666666667 0.166666666667 0.166666666667 0.166666666667
0.266666666667 0.0666666666667 0.266666666667 0.266666666667 0.0666666666667 0.0666666666667
0.533333333333 0.0333333333333 0.133333333333 0.133333333333 0.133333333333 0.0333333333333
0.820512820513 0.0128205128205 0.0512820512821 0.0512820512821 0.0512820512821 0.0128205128205
0.937728937729 0.003663003663 0.014652014652 0.014652014652 0.014652014652 0.014652014652
0.937728937729 0.003663003663 0.014652014652 0.014652014652 0.014652014652 0.014652014652
0.820512820513 0.0128205128205 0.0128205128205 0.0512820512821 0.0512820512821 0.0512820512821
0.820512820513 0.0128205128205 0.0128205128205 0.0512820512821 0.0512820512821 0.0512820512821
0.937728937729 0.003663003663 0.014652014652 0.014652014652 0.014652014652 0.014652014652
0.961502347418 0.00093896713615 0.0037558685446 0.0150234741784 0.0150234741784 0.0037558685446
0.879725085911 0.00343642611684 0.00343642611684 0.0549828178694 0.0549828178694 0.00343642611684
0.748538011696 0.0116959064327 0.00292397660819 0.187134502924 0.046783625731 0.00292397660819
0.166666666667 0.166666666667 0.166666666667 0.166666666667 0.166666666667 0.166666666667
0.0833333333333 0.0833333333333 0.0833333333333 0.333333333333 0.333333333333 0.0833333333333
0.148148148148 0.037037037037 0.037037037037 0.148148148148 0.592592592593 0.037037037037
0.183908045977 0.0114942528736 0.0114942528736 0.0459770114943 0.735632183908 0.0114942528736
0.177777777778 0.0444444444444 0.0111111111111 0.0444444444444 0.711111111111 0.0111111111111
0.136752136752 0.136752136752 0.034188034188 0.136752136752 0.547008547009 0.00854700854701
0.158024691358 0.0395061728395 0.00987654320988 0.158024691358 0.632098765432 0.00246913580247
0.428810720268 0.0268006700168 0.00670016750419 0.107202680067 0.428810720268 0.00167504187605
0.718596491228 0.0449122807018 0.0112280701754 0.0449122807018 0.179649122807 0.000701754385965
0.390095238095 0.0975238095238 0.024380952381 0.0975238095238 0.390095238095 0.000380952380952
0.166666666667 0.166666666667 0.166666666667 0.166666666667 0.166666666667 0.166666666667
0.222222222222 0.0555555555556 0.222222222222 0.222222222222 0.222222222222 0.0555555555556
0.380952380952 0.0238095238095 0.0952380952381 0.0952380952381 0.380952380952 0.0238095238095
0.711111111111 0.0111111111111 0.0444444444444 0.0444444444444 0.177777777778 0.0111111111111
0.609523809524 0.0380952380952 0.152380952381 0.0380952380952 0.152380952381 0.00952380952381
0.651399491094 0.0101781170483 0.162849872774 0.0101781170483 0.162849872774 0.00254452926209
0.651399491094 0.0101781170483 0.162849872774 0.0101781170483 0.162849872774 0.00254452926209
0.872975277067 0.0136402387042 0.0545609548167 0.00341005967604 0.0545609548167 0.000852514919011
0.91082944185 0.0142317100289 0.0142317100289 0.00355792750723 0.0569268401156 0.000222370469202
0.770939205722 0.0120459250894 0.0120459250894 0.0120459250894 0.19273480143 0.000188217579522
0.770939205722 0.0120459250894 0.0120459250894 0.0120459250894 0.19273480143 0.000188217579522
0.166666666667 0.166666666667 0.166666666667 0.166666666667 0.166666666667 0.166666666667
0.0833333333333 0.333333333333 0.0833333333333 0.333333333333 0.0833333333333 0.0833333333333
0.0833333333333 0.333333333333 0.0833333333333 0.333333333333 0.0833333333333 0.0833333333333
