Price Resolution OpticalZoom DigitalZoom Weight StorageIncluded
0.166666666667 0.166666666667 0.166666666667 0.166666666667 0.166666666667 0.166666666667
0.0555555555556 0.222222222222 0.0555555555556 0.222222222222 0.222222222222 0.222222222222
0.0555555555556 0.222222222222 0.0555555555556 0.222222222222 0.222222222222 0.222222222222
0.121212121212 0.121212121212 0.030303030303 0.121212121212 0.484848484848 0.121212121212
0.0430107526882 0.0430107526882 0.010752688172 0.172043010753 0.688172043011 0.0430107526882
0.136752136752 0.136752136752 0.00854700854701 0.136752136752 0.547008547009 0.034188034188
0.0448179271709 0.179271708683 0.00280112044818 0.0448179271709 0.717086834734 0.0112044817927
0.158024691358 0.158024691358 0.00246913580247 0.0395061728395 0.632098765432 0.00987654320988
0.107202680067 0.428810720268 0.00167504187605 0.0268006700168 0.428810720268 0.00670016750419
0.046783625731 0.748538011696 0.00292397660819 0.0116959064327 0.187134502924 0.00292397660819
0.109401709402 0.437606837607 0.00683760683761 0.00683760683761 0.437606837607 0.0017094017094
0.16569579288 0.16569579288 0.00258899676375 0.00258899676375 0.662783171521 0.000647249190939
0.164418754014 0.164418754014 0.0102761721259 0.00256904303147 0.657675016057 0.000642260757868
0.438168592212 0.109542148053 0.00684638425332 0.00684638425332 0.438168592212 0.000427899015832
0.165776266796 0.165776266796 0.00259025416869 0.00259025416869 0.663105067185 0.000161890885543
0.166666666667 0.166666666667 0.166666666667 0.166666666667 0.166666666667 0.166666666667
0.190476190476 0.190476190476 0.047619047619 0.190476190476 0.190476190476 0.190476190476
0.190476190476 0.190476190476 0.047619047619 0.190476190476 0.190476190476 0.190476190476
0.355555555556 0.0888888888889 0.0222222222222 0.0888888888889 0.355555555556 0.0888888888889
0.266666666667 0.266666666667 0.0666666666667 0.0666666666667 0.266666666667 0.0666666666667
0.592592592593 0.148148148148 0.037037037037 0.037037037037 0.148148148148 0.037037037037
0.646464646465 0.161616161616 0.010101010101 0.010101010101 0.161616161616 0.010101010101
0.426666666667 0.106666666667 0.00666666666667 0.0266666666667 0.426666666667 0.00666666666667
0.479400749064 0.0299625468165 0.00187265917603 0.00749063670412 0.479400749064 0.00187265917603
0.18962962963 0.0474074074074 0.000740740740741 0.00296296296296 0.758518518519 0.000740740740741
0.44329004329 0.110822510823 0.0004329004329 0.0017316017316 0.44329004329 0.0004329004329
0.332359623499 0.332359623499 0.00129827977929 0.00129827977929 0.332359623499 0.000324569944823
0.665691532586 0.166422883146 0.000650089387291 0.000650089387291 0.166422883146 0.000162522346823
0.444010840108 0.111002710027 0.000433604336043 0.000433604336043 0.444010840108 0.000108401084011
0.444335963984 0.111083990996 0.000108480459957 0.000108480459957 0.444335963984 2.71201149893e-05
0.44419140572 0.11104785143 0.000108445167412 0.000433780669649 0.44419140572 2.71112918531e-05
0.166666666667 0.166666666667 0.166666666667 0.166666666667 0.166666666667 0.166666666667
0.222222222222 0.222222222222 0.0555555555556 0.222222222222 0.222222222222 0.0555555555556
0.190476190476 0.190476190476 0.190476190476 0.190476190476 0.190476190476 0.047619047619
0.355555555556 0.0888888888889 0.0888888888889 0.0888888888889 0.355555555556 0.0222222222222
0.280701754386 0.280701754386 0.0701754385965 0.0701754385965 0.280701754386 0.0175438596491
0.136752136752 0.136752136752 0.034188034188 0.136752136752 0.547008547009 0.00854700854701
0.140350877193 0.140350877193 0.00877192982456 0.140350877193 0.561403508772 0.00877192982456
0.395061728395 0.0987654320988 0.00617283950617 0.0987654320988 0.395061728395 0.00617283950617
0.396899224806 0.0992248062016 0.0015503875969 0.0992248062016 0.396899224806 0.0062015503876
0.248062015504 0.248062015504 0.00387596899225 0.248062015504 0.248062015504 0.00387596899225
0.0992248062016 0.396899224806 0.0015503875969 0.0992248062016 0.396899224806 0.0062015503876
0.305854241338 0.305854241338 0.00119474313023 0.0764635603345 0.305854241338 0.00477897252091
0.63800623053 0.159501557632 0.000623052959502 0.0398753894081 0.159501557632 0.00249221183801
0.752249770432 0.047015610652 0.000183654729109 0.011753902663 0.188062442608 0.000734618916437
0.923927141488 0.0144363615857 5.63920374443e-05 0.00360909039644 0.057745446343 0.000225568149777
0.759467853335 0.0474667408334 4.63542390952e-05 0.00296667130209 0.189866963334 0.000185416956381
0.443614112041 0.11090352801 2.70760566431e-05 0.00173286762516 0.443614112041 0.000108304226572
0.331572663064 0.331572663064 2.02375892984e-05 0.00518082286038 0.331572663064 8.09503571935e-05
0.441355530413 0.110338882603 2.69382037606e-05 0.00689618016271 0.441355530413 2.69382037606e-05
0.189906576721 0.0474766441802 1.1590977583e-05 0.00296729026126 0.759626306883 1.1590977583e-05
0.166225333536 0.166225333536 4.05823568204e-05 0.0025972708365 0.664901334145 1.01455892051e-05
0.190331808611 0.0475829521528 1.16169316779e-05 0.000743483627387 0.761327234444 2.90423291948e-06
0.166231657979 0.166231657979 1.01459752185e-05 0.00259736965592 0.664926631917 2.53649380461e-06
0.166666666667 0.166666666667 0.166666666667 0.166666666667 0.166666666667 0.166666666667
0.222222222222 0.0555555555556 0.222222222222 0.222222222222 0.222222222222 0.0555555555556
0.380952380952 0.0238095238095 0.0952380952381 0.0952380952381 0.380952380952 0.0238095238095
0.355555555556 0.0888888888889 0.0888888888889 0.0888888888889 0.355555555556 0.0222222222222
0.231884057971 0.231884057971 0.231884057971 0.0579710144928 0.231884057971 0.0144927536232
0.0969696969697 0.387878787879 0.0969696969697 0.0242424242424 0.387878787879 0.00606060606061
0.300469483568 0.300469483568 0.075117370892 0.018779342723 0.300469483568 0.00469483568075
0.137634408602 0.550537634409 0.137634408602 0.0344086021505 0.137634408602 0.00215053763441
0.0974124809741 0.389649923896 0.0974124809741 0.0243531202435 0.389649923896 0.00152207001522
0.0291837665299 0.466940264478 0.0291837665299 0.00729594163247 0.466940264478 0.000455996352029
0.0469122228331 0.187648891332 0.0117280557083 0.00293201392707 0.750595565329 0.000183250870442
0.166666666667 0.166666666667 0.166666666667 0.166666666667 0.166666666667 0.166666666667
0.266666666667 0.0666666666667 0.266666666667 0.266666666667 0.0666666666667 0.0666666666667
0.533333333333 0.0333333333333 0.133333333333 0.133333333333 0.133333333333 0.0333333333333
