Price Resolution OpticalZoom DigitalZoom Weight StorageIncluded
0.166666666667 0.166666666667 0.166666666667 0.166666666667 0.166666666667 0.166666666667
0.0666666666667 0.266666666667 0.266666666667 0.0666666666667 0.0666666666667 0.266666666667
0.0666666666667 0.266666666667 0.266666666667 0.0666666666667 0.0666666666667 0.266666666667
0.121212121212 0.121212121212 0.484848484848 0.030303030303 0.121212121212 0.121212121212
0.148148148148 0.037037037037 0.592592592593 0.037037037037 0.148148148148 0.037037037037
0.410256410256 0.025641025641 0.410256410256 0.025641025641 0.102564102564 0.025641025641
0.627450980392 0.00980392156863 0.156862745098 0.0392156862745 0.156862745098 0.00980392156863
0.395061728395 0.00617283950617 0.0987654320988 0.0987654320988 0.395061728395 0.00617283950617
0.300469483568 0.018779342723 0.075117370892 0.300469483568 0.300469483568 0.00469483568075
0.166666666667 0.166666666667 0.166666666667 0.166666666667 0.166666666667 0.166666666667
0.166666666667 0.166666666667 0.166666666667 0.166666666667 0.166666666667 0.166666666667
0.0555555555556 0.222222222222 0.222222222222 0.222222222222 0.0555555555556 0.222222222222
0.166666666667 0.166666666667 0.166666666667 0.166666666667 0.166666666667 0.166666666667
0.0555555555556 0.222222222222 0.222222222222 0.222222222222 0.0555555555556 0.222222222222
0.166666666667 0.166666666667 0.166666666667 0.166666666667 0.166666666667 0.166666666667
0.222222222222 0.222222222222 0.0555555555556 0.222222222222 0.222222222222 0.0555555555556
0.190476190476 0.190476190476 0.190476190476 0.190476190476 0.190476190476 0.047619047619
0.121212121212 0.121212121212 0.484848484848 0.121212121212 0.121212121212 0.030303030303
0.280701754386 0.0701754385965 0.280701754386 0.0701754385965 0.280701754386 0.0175438596491
0.231884057971 0.231884057971 0.231884057971 0.0579710144928 0.231884057971 0.0144927536232
0.136752136752 0.547008547009 0.136752136752 0.034188034188 0.136752136752 0.00854700854701
0.0383693045564 0.613908872902 0.153477218225 0.0383693045564 0.153477218225 0.00239808153477
0.075382803298 0.301531213192 0.301531213192 0.0188457008245 0.301531213192 0.00117785630153
0.245917387128 0.245917387128 0.245917387128 0.0153698366955 0.245917387128 0.000960614793468
0.566058595909 0.141514648977 0.141514648977 0.00884466556108 0.141514648977 0.000552791597568
0.390095238095 0.390095238095 0.0975238095238 0.024380952381 0.0975238095238 0.000380952380952
0.137912457912 0.55164983165 0.137912457912 0.0344781144781 0.137912457912 0.00013468013468
0.124938994632 0.499755978526 0.124938994632 0.124938994632 0.124938994632 0.000488042947779
0.285634588563 0.285634588563 0.0714086471409 0.0714086471409 0.285634588563 0.000278940027894
0.615292173652 0.153823043413 0.0384557608532 0.0384557608532 0.153823043413 0.000150217815833
0.615292173652 0.153823043413 0.0384557608532 0.0384557608532 0.153823043413 0.000150217815833
