Price Resolution OpticalZoom DigitalZoom Weight StorageIncluded
0.166666666667 0.166666666667 0.166666666667 0.166666666667 0.166666666667 0.166666666667
0.0416666666667 0.291666666667 0.0416666666667 0.291666666667 0.0416666666667 0.291666666667
0.0416666666667 0.291666666667 0.0416666666667 0.291666666667 0.0416666666667 0.291666666667
0.347222222222 0.0972222222222 0.0138888888889 0.0972222222222 0.347222222222 0.0972222222222
0.336805555556 0.0243055555556 0.00347222222222 0.274305555556 0.336805555556 0.0243055555556
0.168402777778 0.512152777778 0.00173611111111 0.137152777778 0.168402777778 0.0121527777778
0.0561342592593 0.170717592593 0.000578703703704 0.379050925926 0.389467592593 0.00405092592593
0.264033564815 0.292679398148 0.000144675925926 0.0947627314815 0.347366898148 0.00101273148148
0.0880111882716 0.430893132716 4.8225308642e-05 0.364920910494 0.115788966049 0.000337577160494
0.544005594136 0.215446566358 2.4112654321e-05 0.182460455247 0.0578944830247 0.000168788580247
0.386001398534 0.0538616415895 6.02816358025e-06 0.295615113812 0.264473620756 4.21971450617e-05
0.277200279707 0.210772328318 1.20563271605e-06 0.259123022762 0.252894724151 8.43942901235e-06
0.277200279707 0.210772328318 1.20563271605e-06 0.259123022762 0.252894724151 8.43942901235e-06
0.277200279707 0.210772328318 1.20563271605e-06 0.259123022762 0.252894724151 8.43942901235e-06
0.319300069927 0.302693082079 0.250000301408 0.0647807556906 0.0632236810378 2.10985725309e-06
0.0638600139853 0.260538616416 0.250000060282 0.212956151138 0.212644736208 4.21971450617e-07
0.265965003496 0.065134654104 0.0625000150704 0.303239037785 0.303161184052 1.05492862654e-07
0.166666666667 0.166666666667 0.166666666667 0.166666666667 0.166666666667 0.166666666667
0.233333333333 0.0333333333333 0.233333333333 0.233333333333 0.0333333333333 0.233333333333
0.411111111111 0.0111111111111 0.0777777777778 0.0777777777778 0.344444444444 0.0777777777778
0.137037037037 0.337037037037 0.0259259259259 0.0259259259259 0.448148148148 0.0259259259259
0.0685185185185 0.668518518519 0.012962962963 0.012962962963 0.224074074074 0.012962962963
0.356172839506 0.222839506173 0.00432098765432 0.00432098765432 0.408024691358 0.00432098765432
0.678086419753 0.111419753086 0.00216049382716 0.00216049382716 0.204012345679 0.00216049382716
0.226028806584 0.370473251029 0.000720164609053 0.000720164609053 0.40133744856 0.000720164609053
0.113014403292 0.185236625514 0.000360082304527 0.500360082305 0.20066872428 0.000360082304527
0.278253600823 0.296309156379 0.250090020576 0.125090020576 0.05016718107 9.00205761317e-05
0.0556507201646 0.259261831276 0.250018004115 0.225018004115 0.210033436214 1.80041152263e-05
0.263912680041 0.0648154578189 0.0625045010288 0.306254501029 0.302508359053 4.50102880658e-06
0.166666666667 0.166666666667 0.166666666667 0.166666666667 0.166666666667 0.166666666667
0.194444444444 0.194444444444 0.0277777777778 0.194444444444 0.194444444444 0.194444444444
0.597222222222 0.0972222222222 0.0138888888889 0.0972222222222 0.0972222222222 0.0972222222222
0.399305555556 0.0243055555556 0.00347222222222 0.274305555556 0.274305555556 0.0243055555556
0.399305555556 0.0243055555556 0.00347222222222 0.274305555556 0.274305555556 0.0243055555556
0.199652777778 0.0121527777778 0.00173611111111 0.137152777778 0.637152777778 0.0121527777778
0.0998263888889 0.00607638888889 0.000868055555556 0.568576388889 0.318576388889 0.00607638888889
0.274956597222 0.251519097222 0.000217013888889 0.142144097222 0.329644097222 0.00151909722222
0.424985532407 0.417173032407 7.2337962963e-05 0.0473813657407 0.109881365741 0.000506365740741
0.712492766204 0.208586516204 3.61689814815e-05 0.0236906828704 0.0549406828704 0.00025318287037
0.428123191551 0.0521466290509 9.04224537037e-06 0.255922670718 0.263735170718 6.32957175926e-05
0.107030797888 0.263036657263 0.250002260561 0.313980667679 0.0659337926794 1.58239293981e-05
0.369010265963 0.0876788857542 0.0833340868538 0.10466022256 0.355311264226 5.27464313272e-06
0.456336755321 0.0292262952514 0.361111362285 0.0348867408533 0.118437088075 1.75821437757e-06
0.291267351064 0.00584525905028 0.272222272457 0.206977348171 0.223687417615 3.51642875514e-07
0.072816837766 0.251461314763 0.0680555681142 0.301744337043 0.305921854404 8.79107188786e-08
0.268204209442 0.312865328691 0.0170138920286 0.325436084261 0.0764804636009 2.19776797197e-08
0.166666666667 0.166666666667 0.166666666667 0.166666666667 0.166666666667 0.166666666667
0.0333333333333 0.233333333333 0.0333333333333 0.233333333333 0.233333333333 0.233333333333
0.0333333333333 0.233333333333 0.0333333333333 0.233333333333 0.233333333333 0.233333333333
0.344444444444 0.0777777777778 0.0111111111111 0.0777777777778 0.411111111111 0.0777777777778
0.336111111111 0.0194444444444 0.00277777777778 0.269444444444 0.352777777778 0.0194444444444
0.168055555556 0.509722222222 0.00138888888889 0.134722222222 0.176388888889 0.00972222222222
0.0560185185185 0.169907407407 0.000462962962963 0.378240740741 0.39212962963 0.00324074074074
0.26400462963 0.292476851852 0.000115740740741 0.0945601851852 0.348032407407 0.000810185185185
0.0880015432099 0.430825617284 3.85802469136e-05 0.364853395062 0.116010802469 0.000270061728395
0.544000771605 0.215412808642 1.92901234568e-05 0.182426697531 0.0580054012346 0.000135030864198
0.386000192901 0.0538532021605 4.8225308642e-06 0.295606674383 0.264501350309 3.37577160494e-05
0.0965000482253 0.26346330054 1.20563271605e-06 0.323901668596 0.316125337577 8.43942901235e-06
0.0482500241127 0.63173165027 6.02816358025e-07 0.161950834298 0.158062668789 4.21971450617e-06
0.0241250120563 0.315865825135 3.01408179012e-07 0.580975417149 0.0790313343943 2.10985725309e-06
0.512062506028 0.157932912568 1.50704089506e-07 0.290487708574 0.0395156671971 1.05492862654e-06
0.102412501206 0.231586582514 3.01408179012e-08 0.258097541715 0.207903133439 0.200000210986
0.102412501206 0.231586582514 3.01408179012e-08 0.258097541715 0.207903133439 0.200000210986
0.166666666667 0.166666666667 0.166666666667 0.166666666667 0.166666666667 0.166666666667
0.0333333333333 0.233333333333 0.0333333333333 0.233333333333 0.233333333333 0.233333333333
0.0333333333333 0.233333333333 0.0333333333333 0.233333333333 0.233333333333 0.233333333333
0.344444444444 0.0777777777778 0.0111111111111 0.0777777777778 0.411111111111 0.0777777777778
0.336111111111 0.0194444444444 0.00277777777778 0.269444444444 0.352777777778 0.0194444444444
0.168055555556 0.509722222222 0.00138888888889 0.134722222222 0.176388888889 0.00972222222222
0.0560185185185 0.169907407407 0.000462962962963 0.378240740741 0.39212962963 0.00324074074074
0.26400462963 0.292476851852 0.000115740740741 0.0945601851852 0.348032407407 0.000810185185185
0.0880015432099 0.430825617284 3.85802469136e-05 0.364853395062 0.116010802469 0.000270061728395
0.544000771605 0.215412808642 1.92901234568e-05 0.182426697531 0.0580054012346 0.000135030864198
0.386000192901 0.0538532021605 4.8225308642e-06 0.295606674383 0.264501350309 3.37577160494e-05
0.27720003858 0.210770640432 9.6450617284e-07 0.259121334877 0.252900270062 6.75154320988e-06
0.27720003858 0.210770640432 9.6450617284e-07 0.259121334877 0.252900270062 6.75154320988e-06
0.27720003858 0.210770640432 9.6450617284e-07 0.259121334877 0.252900270062 6.75154320988e-06
0.319300009645 0.302692660108 0.250000241127 0.0647803337191 0.0632250675154 1.68788580247e-06
0.063860001929 0.260538532022 0.250000048225 0.212956066744 0.212645013503 3.37577160494e-07
0.265965000482 0.0651346330054 0.0625000120563 0.303239016686 0.303161253376 8.43942901235e-08
