Price Resolution OpticalZoom DigitalZoom Weight StorageIncluded
0.166666666667 0.166666666667 0.166666666667 0.166666666667 0.166666666667 0.166666666667
0.0555555555556 0.222222222222 0.222222222222 0.222222222222 0.0555555555556 0.222222222222
0.111111111111 0.111111111111 0.444444444444 0.111111111111 0.111111111111 0.111111111111
0.166666666667 0.166666666667 0.166666666667 0.166666666667 0.166666666667 0.166666666667
0.222222222222 0.222222222222 0.0555555555556 0.222222222222 0.222222222222 0.0555555555556
0.380952380952 0.0952380952381 0.0238095238095 0.0952380952381 0.380952380952 0.0238095238095
0.711111111111 0.0444444444444 0.0111111111111 0.0444444444444 0.177777777778 0.0111111111111
0.627450980392 0.156862745098 0.00980392156863 0.0392156862745 0.156862745098 0.00980392156863
0.387878787879 0.387878787879 0.0242424242424 0.0969696969697 0.0969696969697 0.00606060606061
0.158024691358 0.632098765432 0.00987654320988 0.158024691358 0.0395061728395 0.00246913580247
0.396899224806 0.396899224806 0.0062015503876 0.0992248062016 0.0992248062016 0.0015503875969
0.389649923896 0.389649923896 0.0243531202435 0.0974124809741 0.0974124809741 0.00152207001522
0.179649122807 0.718596491228 0.0112280701754 0.0449122807018 0.0449122807018 0.000701754385965
0.179743724767 0.71897489907 0.011233982798 0.0449359311919 0.0449359311919 0.000175530981218
0.179743724767 0.71897489907 0.011233982798 0.0449359311919 0.0449359311919 0.000175530981218
0.429485163049 0.429485163049 0.00671070567264 0.0268428226906 0.107371290762 0.000104854776135
0.324847331271 0.324847331271 0.00507573955111 0.0203029582045 0.324847331271 7.93084304862e-05
0.440607771951 0.440607771951 0.00172112410918 0.00688449643674 0.110151942988 2.6892564206e-05
0.440607771951 0.440607771951 0.00172112410918 0.00688449643674 0.110151942988 2.6892564206e-05
0.438344436418 0.438344436418 0.00684913181903 0.00684913181903 0.109586109105 2.67544211681e-05
0.187674684994 0.750698739977 0.00293241695304 0.0117296678121 0.0469186712486 4.58190148912e-05
0.440607771951 0.440607771951 0.00172112410918 0.00688449643674 0.110151942988 2.6892564206e-05
0.431691829368 0.431691829368 0.00168629620847 0.0269807393355 0.107922957342 2.63483782573e-05
0.397505883495 0.397505883495 0.0062110294296 0.0993764708737 0.0993764708737 2.42618337094e-05
0.166666666667 0.166666666667 0.166666666667 0.166666666667 0.166666666667 0.166666666667
0.0666666666667 0.266666666667 0.266666666667 0.0666666666667 0.0666666666667 0.266666666667
0.166666666667 0.166666666667 0.166666666667 0.166666666667 0.166666666667 0.166666666667
0.0666666666667 0.266666666667 0.266666666667 0.0666666666667 0.0666666666667 0.266666666667
0.121212121212 0.121212121212 0.484848484848 0.030303030303 0.121212121212 0.121212121212
0.166666666667 0.166666666667 0.166666666667 0.166666666667 0.166666666667 0.166666666667
