Price Resolution OpticalZoom DigitalZoom Weight StorageIncluded
0.166666666667 0.166666666667 0.166666666667 0.166666666667 0.166666666667 0.166666666667
0.166666666667 0.166666666667 0.166666666667 0.166666666667 0.166666666667 0.166666666667
0.0666666666667 0.266666666667 0.0666666666667 0.266666666667 0.0666666666667 0.266666666667
0.037037037037 0.592592592593 0.037037037037 0.148148148148 0.037037037037 0.148148148148
0.133333333333 0.533333333333 0.0333333333333 0.133333333333 0.0333333333333 0.133333333333
0.166666666667 0.166666666667 0.166666666667 0.166666666667 0.166666666667 0.166666666667
0.190476190476 0.190476190476 0.047619047619 0.190476190476 0.190476190476 0.190476190476
0.190476190476 0.190476190476 0.047619047619 0.190476190476 0.190476190476 0.190476190476
0.121212121212 0.121212121212 0.030303030303 0.121212121212 0.484848484848 0.121212121212
0.166666666667 0.166666666667 0.166666666667 0.166666666667 0.166666666667 0.166666666667
0.0555555555556 0.222222222222 0.0555555555556 0.222222222222 0.222222222222 0.222222222222
0.0555555555556 0.222222222222 0.0555555555556 0.222222222222 0.222222222222 0.222222222222
0.166666666667 0.166666666667 0.166666666667 0.166666666667 0.166666666667 0.166666666667
0.0666666666667 0.266666666667 0.0666666666667 0.266666666667 0.266666666667 0.0666666666667
0.0952380952381 0.380952380952 0.0238095238095 0.0952380952381 0.380952380952 0.0238095238095
0.0289855072464 0.463768115942 0.00724637681159 0.0289855072464 0.463768115942 0.00724637681159
0.0121212121212 0.193939393939 0.0030303030303 0.0121212121212 0.775757575758 0.0030303030303
0.046783625731 0.187134502924 0.00292397660819 0.0116959064327 0.748538011696 0.00292397660819
0.164102564103 0.164102564103 0.0025641025641 0.0102564102564 0.65641025641 0.0025641025641
0.109965635739 0.439862542955 0.00171821305842 0.00687285223368 0.439862542955 0.00171821305842
0.0468864468864 0.750183150183 0.0029304029304 0.0117216117216 0.187545787546 0.000732600732601
0.0300046882325 0.480075011721 0.00187529301453 0.00750117205813 0.480075011721 0.000468823253633
0.00773227014619 0.494865289356 0.000483266884137 0.00193306753655 0.494865289356 0.000120816721034
0.0300575319948 0.480920511917 0.000469648937419 0.00751438299871 0.480920511917 0.000117412234355
