Price Resolution OpticalZoom DigitalZoom Weight StorageIncluded
0.166666666667 0.166666666667 0.166666666667 0.166666666667 0.166666666667 0.166666666667
0.222222222222 0.0555555555556 0.0555555555556 0.222222222222 0.222222222222 0.222222222222
0.380952380952 0.0238095238095 0.0238095238095 0.0952380952381 0.380952380952 0.0952380952381
0.380952380952 0.0238095238095 0.0238095238095 0.0952380952381 0.380952380952 0.0952380952381
0.688172043011 0.010752688172 0.0430107526882 0.0430107526882 0.172043010753 0.0430107526882
0.898245614035 0.00350877192982 0.0140350877193 0.0140350877193 0.0561403508772 0.0140350877193
0.711111111111 0.0111111111111 0.0444444444444 0.0444444444444 0.177777777778 0.0111111111111
0.90780141844 0.00354609929078 0.0141843971631 0.0141843971631 0.0567375886525 0.00354609929078
0.723163841808 0.00282485875706 0.045197740113 0.045197740113 0.180790960452 0.00282485875706
0.565121412804 0.00883002207506 0.141280353201 0.141280353201 0.141280353201 0.00220750551876
0.724699221515 0.00283085633404 0.0452937013447 0.0452937013447 0.181174805379 0.00070771408351
0.469509399358 0.00183402109124 0.0293443374599 0.0293443374599 0.469509399358 0.000458505272811
0.431521281079 0.00168563000421 0.10788032027 0.0269700800674 0.431521281079 0.000421407501054
0.397361272798 0.00620876988747 0.0993403181995 0.0993403181995 0.397361272798 0.000388048117967
0.18127102142 0.00283235970968 0.0453177553549 0.0453177553549 0.725084085679 0.000177022481855
0.431657708926 0.00168616292549 0.0269786068079 0.107914427232 0.431657708926 0.000105385182843
0.431657708926 0.00168616292549 0.0269786068079 0.107914427232 0.431657708926 0.000105385182843
0.32477006026 0.00507453219156 0.0202981287663 0.32477006026 0.32477006026 0.000317158261973
0.32477006026 0.00507453219156 0.0202981287663 0.32477006026 0.32477006026 0.000317158261973
0.633271490414 0.00989486703772 0.0395794681509 0.158317872604 0.158317872604 0.000618429189858
0.633271490414 0.00989486703772 0.0395794681509 0.158317872604 0.158317872604 0.000618429189858
0.389649923896 0.0243531202435 0.0974124809741 0.389649923896 0.0974124809741 0.00152207001522
0.633271490414 0.00989486703772 0.0395794681509 0.158317872604 0.158317872604 0.000618429189858
0.397361272798 0.00620876988747 0.0993403181995 0.0993403181995 0.397361272798 0.000388048117967
0.566293377575 0.00884833402461 0.141573344394 0.141573344394 0.141573344394 0.000138255219135
0.566293377575 0.00884833402461 0.141573344394 0.141573344394 0.141573344394 0.000138255219135
0.7251803656 0.00283273580312 0.04532377285 0.04532377285 0.1812950914 4.42614969238e-05
0.166666666667 0.166666666667 0.166666666667 0.166666666667 0.166666666667 0.166666666667
0.0555555555556 0.222222222222 0.222222222222 0.222222222222 0.0555555555556 0.222222222222
0.111111111111 0.111111111111 0.444444444444 0.111111111111 0.111111111111 0.111111111111
0.266666666667 0.0666666666667 0.266666666667 0.0666666666667 0.266666666667 0.0666666666667
0.166666666667 0.166666666667 0.166666666667 0.166666666667 0.166666666667 0.166666666667
0.166666666667 0.166666666667 0.166666666667 0.166666666667 0.166666666667 0.166666666667
0.266666666667 0.0666666666667 0.266666666667 0.266666666667 0.0666666666667 0.0666666666667
0.121212121212 0.121212121212 0.484848484848 0.121212121212 0.121212121212 0.030303030303
0.0888888888889 0.0888888888889 0.355555555556 0.355555555556 0.0888888888889 0.0222222222222
0.166666666667 0.166666666667 0.166666666667 0.166666666667 0.166666666667 0.166666666667
0.0555555555556 0.222222222222 0.222222222222 0.222222222222 0.0555555555556 0.222222222222
0.111111111111 0.111111111111 0.444444444444 0.111111111111 0.111111111111 0.111111111111
0.266666666667 0.0666666666667 0.266666666667 0.0666666666667 0.266666666667 0.0666666666667
0.166666666667 0.166666666667 0.166666666667 0.166666666667 0.166666666667 0.166666666667
0.166666666667 0.166666666667 0.166666666667 0.166666666667 0.166666666667 0.166666666667
0.266666666667 0.0666666666667 0.266666666667 0.266666666667 0.0666666666667 0.0666666666667
0.533333333333 0.0333333333333 0.133333333333 0.133333333333 0.133333333333 0.0333333333333
0.627450980392 0.00980392156863 0.0392156862745 0.156862745098 0.156862745098 0.00980392156863
0.418300653595 0.0261437908497 0.0261437908497 0.418300653595 0.104575163399 0.00653594771242
0.387878787879 0.0242424242424 0.0969696969697 0.387878787879 0.0969696969697 0.00606060606061
0.632098765432 0.00987654320988 0.0395061728395 0.158024691358 0.158024691358 0.00246913580247
0.420361247947 0.0262725779967 0.0262725779967 0.420361247947 0.105090311987 0.00164203612479
0.301531213192 0.075382803298 0.0188457008245 0.301531213192 0.301531213192 0.00117785630153
0.245917387128 0.245917387128 0.0153698366955 0.245917387128 0.245917387128 0.000960614793468
0.0975238095238 0.390095238095 0.024380952381 0.390095238095 0.0975238095238 0.000380952380952
0.246094688777 0.246094688777 0.0153809180485 0.246094688777 0.246094688777 0.000240326844509
0.566293377575 0.141573344394 0.00884833402461 0.141573344394 0.141573344394 0.000138255219135
0.390206725731 0.390206725731 0.0243879203582 0.0975516814328 0.0975516814328 9.52653138992e-05
0.141588025856 0.566352103426 0.00884925161603 0.141588025856 0.141588025856 3.45673891251e-05
0.0993764708737 0.397505883495 0.0062110294296 0.0993764708737 0.397505883495 2.42618337094e-05
0.0453252774735 0.181301109894 0.00283282984209 0.0453252774735 0.725204439576 1.10657415707e-05
0.0998433853148 0.399373541259 0.00156005289554 0.0998433853148 0.399373541259 6.09395662322e-06
0.306218664872 0.306218664872 0.00478466663863 0.0765546662181 0.306218664872 4.67252601429e-06
0.141592614438 0.566370457752 0.00884953840237 0.141592614438 0.141592614438 2.16053183652e-06
0.0524588484284 0.839341574854 0.00327867802677 0.0524588484284 0.0524588484284 3.20183401052e-06
0.158415458657 0.633661834628 0.00990096616606 0.0396038646642 0.158415458657 2.41722806789e-06
0.158415458657 0.633661834628 0.00990096616606 0.0396038646642 0.158415458657 2.41722806789e-06
0.166666666667 0.166666666667 0.166666666667 0.166666666667 0.166666666667 0.166666666667
0.0666666666667 0.266666666667 0.0666666666667 0.266666666667 0.0666666666667 0.266666666667
0.166666666667 0.166666666667 0.166666666667 0.166666666667 0.166666666667 0.166666666667
0.333333333333 0.0833333333333 0.0833333333333 0.0833333333333 0.333333333333 0.0833333333333
0.166666666667 0.166666666667 0.166666666667 0.166666666667 0.166666666667 0.166666666667
0.222222222222 0.0555555555556 0.222222222222 0.222222222222 0.222222222222 0.0555555555556
0.380952380952 0.0238095238095 0.0952380952381 0.0952380952381 0.380952380952 0.0238095238095
0.380952380952 0.0238095238095 0.0952380952381 0.0952380952381 0.380952380952 0.0238095238095
0.355555555556 0.0888888888889 0.0888888888889 0.0888888888889 0.355555555556 0.0222222222222
0.231884057971 0.0579710144928 0.231884057971 0.231884057971 0.231884057971 0.0144927536232
0.547008547009 0.034188034188 0.136752136752 0.136752136752 0.136752136752 0.00854700854701
0.361581920904 0.090395480226 0.090395480226 0.361581920904 0.090395480226 0.00564971751412
0.137634408602 0.0344086021505 0.137634408602 0.550537634409 0.137634408602 0.00215053763441
0.090780141844 0.090780141844 0.363120567376 0.363120567376 0.090780141844 0.00141843971631
0.090780141844 0.090780141844 0.363120567376 0.363120567376 0.090780141844 0.00141843971631
0.137856758212 0.034464189553 0.137856758212 0.551427032849 0.137856758212 0.000538502961766
0.124756335283 0.124756335283 0.124756335283 0.499025341131 0.124756335283 0.00194931773879
0.137856758212 0.137856758212 0.034464189553 0.551427032849 0.137856758212 0.000538502961766
0.0499609679938 0.0499609679938 0.0499609679938 0.7993754879 0.0499609679938 0.000780640124902
0.173794976239 0.0434487440597 0.0434487440597 0.695179904956 0.0434487440597 0.000678886625933
0.173794976239 0.0434487440597 0.0434487440597 0.695179904956 0.0434487440597 0.000678886625933
0.456938866577 0.0285586791611 0.0285586791611 0.456938866577 0.0285586791611 0.000446229361892
0.185911401598 0.0464778503994 0.0116194625999 0.743645606391 0.0116194625999 0.000726216412491
0.194491927825 0.0121557454891 0.00303893637227 0.777967711301 0.0121557454891 0.000189933523267
0.166666666667 0.166666666667 0.166666666667 0.166666666667 0.166666666667 0.166666666667
