Price Resolution OpticalZoom DigitalZoom Weight StorageIncluded
0.166666666667 0.166666666667 0.166666666667 0.166666666667 0.166666666667 0.166666666667
0.0666666666667 0.266666666667 0.0666666666667 0.266666666667 0.0666666666667 0.266666666667
0.190476190476 0.190476190476 0.047619047619 0.190476190476 0.190476190476 0.190476190476
0.355555555556 0.0888888888889 0.0222222222222 0.0888888888889 0.355555555556 0.0888888888889
0.688172043011 0.0430107526882 0.010752688172 0.0430107526882 0.172043010753 0.0430107526882
0.355555555556 0.0888888888889 0.0222222222222 0.0888888888889 0.355555555556 0.0888888888889
0.444444444444 0.0277777777778 0.0277777777778 0.0277777777778 0.444444444444 0.0277777777778
0.444444444444 0.0277777777778 0.0277777777778 0.0277777777778 0.444444444444 0.0277777777778
0.474074074074 0.00740740740741 0.00740740740741 0.0296296296296 0.474074074074 0.00740740740741
0.493256262042 0.0019267822736 0.0019267822736 0.00770712909441 0.493256262042 0.0019267822736
0.198449612403 0.0031007751938 0.00077519379845 0.0031007751938 0.793798449612 0.00077519379845
0.196620583717 0.0122887864823 0.000768049155146 0.00307219662058 0.786482334869 0.000768049155146
0.491127098321 0.00767386091127 0.00191846522782 0.00767386091127 0.491127098321 0.000479616306954
0.198565057204 0.00310257901881 0.000775644754702 0.00310257901881 0.794260228815 0.000193911188676
0.497751853202 0.00194434317657 0.000486085794143 0.00194434317657 0.497751853202 0.000121521448536
0.493970091655 0.0077182826821 0.00192957067053 0.00192957067053 0.493970091655 0.000482392667631
0.199028182702 0.00310981535471 0.000777453838678 0.000777453838678 0.796112730807 0.00019436345967
0.0585377007946 0.00365860629966 0.000228662893729 0.000914651574916 0.936603212714 5.71657234322e-05
0.0585377007946 0.00365860629966 0.000228662893729 0.000914651574916 0.936603212714 5.71657234322e-05
0.199173352784 0.00311208363725 0.000194505227328 0.000778020909312 0.796693411135 4.8626306832e-05
0.199173352784 0.00311208363725 0.000194505227328 0.000778020909312 0.796693411135 4.8626306832e-05
0.197302504817 0.0123314065511 0.00019267822736 0.000770712909441 0.789210019268 0.00019267822736
0.0585879391235 0.00366174619522 5.72147843003e-05 0.000228859137201 0.937407025976 5.72147843003e-05
0.0153208552149 0.00383021380373 5.98470906833e-05 0.000239388362733 0.980534733755 1.49617726708e-05
0.0153208552149 0.00383021380373 5.98470906833e-05 0.000239388362733 0.980534733755 1.49617726708e-05
0.0153679336958 0.000960495855986 6.00309909991e-05 6.00309909991e-05 0.983547756529 3.75193693744e-06
0.00388697039317 0.000971742598292 1.51834780983e-05 6.07339123932e-05 0.995064420651 9.48967381144e-07
0.00388679334804 0.00097169833701 6.07311460632e-05 6.07311460632e-05 0.995019097099 9.48924157237e-07
0.00388608532879 0.000971521332199 6.07200832624e-05 0.00024288033305 0.994837844171 9.48751300975e-07
0.166666666667 0.166666666667 0.166666666667 0.166666666667 0.166666666667 0.166666666667
0.0833333333333 0.0833333333333 0.333333333333 0.333333333333 0.0833333333333 0.0833333333333
0.0833333333333 0.0833333333333 0.333333333333 0.333333333333 0.0833333333333 0.0833333333333
0.166666666667 0.166666666667 0.166666666667 0.166666666667 0.166666666667 0.166666666667
0.166666666667 0.166666666667 0.166666666667 0.166666666667 0.166666666667 0.166666666667
0.0555555555556 0.222222222222 0.222222222222 0.222222222222 0.0555555555556 0.222222222222
0.111111111111 0.111111111111 0.444444444444 0.111111111111 0.111111111111 0.111111111111
0.166666666667 0.166666666667 0.166666666667 0.166666666667 0.166666666667 0.166666666667
0.190476190476 0.047619047619 0.190476190476 0.190476190476 0.190476190476 0.190476190476
0.0833333333333 0.0833333333333 0.333333333333 0.0833333333333 0.333333333333 0.0833333333333
0.0666666666667 0.0666666666667 0.266666666667 0.266666666667 0.266666666667 0.0666666666667
