Price Resolution OpticalZoom DigitalZoom Weight StorageIncluded
0.166666666667 0.166666666667 0.166666666667 0.166666666667 0.166666666667 0.166666666667
0.166666666667 0.166666666667 0.166666666667 0.166666666667 0.166666666667 0.166666666667
0.0666666666667 0.266666666667 0.0666666666667 0.266666666667 0.0666666666667 0.266666666667
0.166666666667 0.166666666667 0.166666666667 0.166666666667 0.166666666667 0.166666666667
0.166666666667 0.166666666667 0.166666666667 0.166666666667 0.166666666667 0.166666666667
0.0555555555556 0.222222222222 0.222222222222 0.222222222222 0.0555555555556 0.222222222222
0.111111111111 0.111111111111 0.444444444444 0.111111111111 0.111111111111 0.111111111111
0.266666666667 0.0666666666667 0.266666666667 0.0666666666667 0.266666666667 0.0666666666667
0.166666666667 0.166666666667 0.166666666667 0.166666666667 0.166666666667 0.166666666667
0.266666666667 0.0666666666667 0.266666666667 0.266666666667 0.0666666666667 0.0666666666667
0.121212121212 0.121212121212 0.484848484848 0.121212121212 0.121212121212 0.030303030303
0.0888888888889 0.0888888888889 0.355555555556 0.355555555556 0.0888888888889 0.0222222222222
0.166666666667 0.166666666667 0.166666666667 0.166666666667 0.166666666667 0.166666666667
0.266666666667 0.0666666666667 0.0666666666667 0.266666666667 0.0666666666667 0.266666666667
0.533333333333 0.0333333333333 0.0333333333333 0.133333333333 0.133333333333 0.133333333333
0.484848484848 0.121212121212 0.030303030303 0.121212121212 0.121212121212 0.121212121212
0.355555555556 0.355555555556 0.0222222222222 0.0888888888889 0.0888888888889 0.0888888888889
0.172043010753 0.688172043011 0.010752688172 0.0430107526882 0.0430107526882 0.0430107526882
0.148148148148 0.592592592593 0.037037037037 0.148148148148 0.037037037037 0.037037037037
0.380952380952 0.380952380952 0.0238095238095 0.0952380952381 0.0952380952381 0.0238095238095
0.355555555556 0.355555555556 0.0888888888889 0.0888888888889 0.0888888888889 0.0222222222222
0.231884057971 0.231884057971 0.0579710144928 0.231884057971 0.231884057971 0.0144927536232
0.0952380952381 0.380952380952 0.0238095238095 0.380952380952 0.0952380952381 0.0238095238095
0.0888888888889 0.355555555556 0.0888888888889 0.355555555556 0.0888888888889 0.0222222222222
0.197530864198 0.197530864198 0.197530864198 0.197530864198 0.197530864198 0.0123456790123
0.284444444444 0.0711111111111 0.0711111111111 0.284444444444 0.284444444444 0.00444444444444
0.153477218225 0.0383693045564 0.0383693045564 0.613908872902 0.153477218225 0.00239808153477
0.124756335283 0.124756335283 0.124756335283 0.499025341131 0.124756335283 0.00194931773879
