Price Resolution OpticalZoom DigitalZoom Weight StorageIncluded
0.166666666667 0.166666666667 0.166666666667 0.166666666667 0.166666666667 0.166666666667
0.0555555555556 0.222222222222 0.0555555555556 0.222222222222 0.222222222222 0.222222222222
0.0555555555556 0.222222222222 0.0555555555556 0.222222222222 0.222222222222 0.222222222222
0.121212121212 0.121212121212 0.030303030303 0.121212121212 0.484848484848 0.121212121212
0.0380952380952 0.152380952381 0.00952380952381 0.152380952381 0.609523809524 0.0380952380952
0.0261437908497 0.418300653595 0.00653594771242 0.104575163399 0.418300653595 0.0261437908497
0.0969696969697 0.387878787879 0.00606060606061 0.0969696969697 0.387878787879 0.0242424242424
0.0992248062016 0.396899224806 0.0015503875969 0.0992248062016 0.396899224806 0.0062015503876
0.0452937013447 0.724699221515 0.00070771408351 0.0452937013447 0.181174805379 0.00283085633404
0.0142697881828 0.913266443701 0.000222965440357 0.0142697881828 0.0570791527313 0.000891861761427
0.0454142274259 0.726627638815 0.000177399325883 0.0454142274259 0.181656909704 0.00070959730353
0.0454444592376 0.727111347801 4.43793547242e-05 0.0454444592376 0.18177783695 0.000177517418897
0.0547908557058 0.876653691293 1.33766737563e-05 0.0136977139265 0.0547908557058 5.35066950252e-05
0.181808093922 0.727232375689 1.10966854201e-05 0.0454520234806 0.0454520234806 4.43867416803e-05
0.159992187881 0.639968751526 9.76514818612e-06 0.159992187881 0.0399980469704 3.90605927445e-05
0.166666666667 0.166666666667 0.166666666667 0.166666666667 0.166666666667 0.166666666667
0.222222222222 0.0555555555556 0.222222222222 0.222222222222 0.222222222222 0.0555555555556
0.380952380952 0.0238095238095 0.0952380952381 0.0952380952381 0.380952380952 0.0238095238095
0.711111111111 0.0111111111111 0.0444444444444 0.0444444444444 0.177777777778 0.0111111111111
0.609523809524 0.0380952380952 0.152380952381 0.0380952380952 0.152380952381 0.00952380952381
0.861952861953 0.013468013468 0.0538720538721 0.013468013468 0.0538720538721 0.003367003367
0.90780141844 0.00354609929078 0.0141843971631 0.0141843971631 0.0567375886525 0.00354609929078
0.90780141844 0.00354609929078 0.0141843971631 0.0141843971631 0.0567375886525 0.00354609929078
0.972459639126 0.00379867046534 0.00379867046534 0.00379867046534 0.0151946818613 0.000949667616334
0.166666666667 0.166666666667 0.166666666667 0.166666666667 0.166666666667 0.166666666667
0.222222222222 0.0555555555556 0.222222222222 0.222222222222 0.222222222222 0.0555555555556
0.380952380952 0.0238095238095 0.0952380952381 0.0952380952381 0.380952380952 0.0238095238095
0.711111111111 0.0111111111111 0.0444444444444 0.0444444444444 0.177777777778 0.0111111111111
0.609523809524 0.0380952380952 0.152380952381 0.0380952380952 0.152380952381 0.00952380952381
0.861952861953 0.013468013468 0.0538720538721 0.013468013468 0.0538720538721 0.003367003367
0.90780141844 0.00354609929078 0.0141843971631 0.0141843971631 0.0567375886525 0.00354609929078
0.90780141844 0.00354609929078 0.0141843971631 0.0141843971631 0.0567375886525 0.00354609929078
0.972459639126 0.00379867046534 0.00379867046534 0.00379867046534 0.0151946818613 0.000949667616334
0.166666666667 0.166666666667 0.166666666667 0.166666666667 0.166666666667 0.166666666667
0.190476190476 0.190476190476 0.047619047619 0.190476190476 0.190476190476 0.190476190476
0.484848484848 0.121212121212 0.030303030303 0.121212121212 0.121212121212 0.121212121212
0.79012345679 0.0493827160494 0.0123456790123 0.0493827160494 0.0493827160494 0.0493827160494
0.609523809524 0.0380952380952 0.00952380952381 0.152380952381 0.152380952381 0.0380952380952
0.300469483568 0.075117370892 0.00469483568075 0.300469483568 0.300469483568 0.018779342723
0.245210727969 0.245210727969 0.00383141762452 0.245210727969 0.245210727969 0.0153256704981
0.565121412804 0.141280353201 0.00220750551876 0.141280353201 0.141280353201 0.00883002207506
0.63800623053 0.0398753894081 0.000623052959502 0.159501557632 0.159501557632 0.00249221183801
0.569838619922 0.142459654981 0.000556483027268 0.142459654981 0.142459654981 0.00222593210907
0.306128550075 0.306128550075 0.000298953662182 0.306128550075 0.0765321375187 0.00478325859492
0.638304503662 0.159576125916 0.000155836060464 0.159576125916 0.0398940314789 0.00249337696743
0.875915530607 0.0547447206629 5.34616412724e-05 0.0547447206629 0.0136861801657 0.000855386260358
0.923966219741 0.0577478887338 1.40986056479e-05 0.0144369721835 0.00360924304586 0.000225577690366
0.166666666667 0.166666666667 0.166666666667 0.166666666667 0.166666666667 0.166666666667
0.190476190476 0.190476190476 0.047619047619 0.190476190476 0.190476190476 0.190476190476
0.484848484848 0.121212121212 0.030303030303 0.121212121212 0.121212121212 0.121212121212
0.355555555556 0.355555555556 0.0222222222222 0.0888888888889 0.0888888888889 0.0888888888889
0.231884057971 0.231884057971 0.0144927536232 0.231884057971 0.231884057971 0.0579710144928
0.387878787879 0.0969696969697 0.00606060606061 0.0969696969697 0.387878787879 0.0242424242424
0.632098765432 0.0395061728395 0.00246913580247 0.158024691358 0.158024691358 0.00987654320988
0.838656838657 0.0524160524161 0.000819000819001 0.0524160524161 0.0524160524161 0.003276003276
