Price Resolution OpticalZoom DigitalZoom Weight StorageIncluded
0.166666666667 0.166666666667 0.166666666667 0.166666666667 0.166666666667 0.166666666667
0.233333333333 0.0333333333333 0.233333333333 0.233333333333 0.233333333333 0.0333333333333
0.411111111111 0.0111111111111 0.0777777777778 0.0777777777778 0.411111111111 0.0111111111111
0.205555555556 0.505555555556 0.0388888888889 0.0388888888889 0.205555555556 0.00555555555556
0.301388888889 0.376388888889 0.259722222222 0.00972222222222 0.0513888888889 0.00138888888889
0.100462962963 0.125462962963 0.419907407407 0.336574074074 0.0171296296296 0.000462962962963
0.550231481481 0.0627314814815 0.209953703704 0.168287037037 0.00856481481481 0.000231481481481
0.13755787037 0.26568287037 0.0524884259259 0.292071759259 0.252141203704 5.78703703704e-05
0.0687789351852 0.132841435185 0.026244212963 0.14603587963 0.626070601852 2.89351851852e-05
0.0343894675926 0.0664207175926 0.0131221064815 0.573017939815 0.313035300926 1.44675925926e-05
0.206877893519 0.213284143519 0.0026244212963 0.314603587963 0.262607060185 2.89351851852e-06
0.603438946759 0.106642071759 0.00131221064815 0.157301793981 0.131303530093 1.44675925926e-06
0.15085973669 0.27666051794 0.000328052662037 0.289325448495 0.282825882523 3.61689814815e-07
0.0754298683449 0.63833025897 0.000164026331019 0.144662724248 0.141412941262 1.80844907407e-07
0.358476622782 0.21277675299 5.46754436728e-05 0.0482209080826 0.380470980421 6.02816358025e-08
0.271695324556 0.242555350598 0.200010935089 0.209644181617 0.0760941960841 1.20563271605e-08
0.635847662278 0.121277675299 0.100005467544 0.104822090808 0.0380470980421 6.02816358025e-09
0.15896191557 0.280319418825 0.0250013668861 0.276205522702 0.00951177451051 0.250000001507
0.579480957785 0.140159709412 0.012500683443 0.138102761351 0.00475588725526 0.125000000754
0.315896191557 0.228031941882 0.00250013668861 0.22762055227 0.000951177451051 0.225000000151
0.105298730519 0.409343980627 0.000833378896203 0.409206850757 0.00031705915035 0.0750000000502
0.368432910173 0.469781326876 0.000277792965401 0.136402283586 0.00010568638345 0.0250000000167
0.342108227543 0.117445331719 6.94482413503e-05 0.284100570896 0.250026421596 0.00625000000419
0.342108227543 0.117445331719 6.94482413503e-05 0.284100570896 0.250026421596 0.00625000000419
0.268421645509 0.223489066344 1.38896482701e-05 0.256820114179 0.250005284319 0.00125000000084
0.268421645509 0.223489066344 1.38896482701e-05 0.256820114179 0.250005284319 0.00125000000084
0.634210822754 0.111744533172 6.94482413503e-06 0.12841005709 0.12500264216 0.000625000000419
0.211403607585 0.370581511057 2.31494137834e-06 0.0428033523632 0.0416675473865 0.333541666667
0.166666666667 0.166666666667 0.166666666667 0.166666666667 0.166666666667 0.166666666667
0.166666666667 0.166666666667 0.166666666667 0.166666666667 0.166666666667 0.166666666667
0.0416666666667 0.291666666667 0.291666666667 0.291666666667 0.0416666666667 0.0416666666667
0.347222222222 0.0972222222222 0.0972222222222 0.0972222222222 0.347222222222 0.0138888888889
0.336805555556 0.0243055555556 0.0243055555556 0.274305555556 0.336805555556 0.00347222222222
0.336805555556 0.0243055555556 0.0243055555556 0.274305555556 0.336805555556 0.00347222222222
0.668402777778 0.0121527777778 0.0121527777778 0.137152777778 0.168402777778 0.00173611111111
0.222800925926 0.337384259259 0.00405092592593 0.379050925926 0.0561342592593 0.000578703703704
0.111400462963 0.66869212963 0.00202546296296 0.189525462963 0.0280671296296 0.000289351851852
0.277850115741 0.167173032407 0.250506365741 0.297381365741 0.00701678240741 7.2337962963e-05
0.63892505787 0.0835865162037 0.12525318287 0.14869068287 0.0035083912037 3.61689814815e-05
0.159731264468 0.270896629051 0.0313132957176 0.287172670718 0.250877097801 9.04224537037e-06
0.0798656322338 0.635448314525 0.0156566478588 0.143586335359 0.1254385489 4.52112268519e-06
0.0399328161169 0.317724157263 0.0078283239294 0.0717931676794 0.56271927445 2.26056134259e-06
0.0199664080584 0.158862078631 0.0039141619647 0.53589658384 0.281359637225 1.1302806713e-06
0.254991602015 0.289715519658 0.000978540491175 0.38397414596 0.0703399093063 2.82570167824e-07
0.418330534005 0.0965718398859 0.000326180163725 0.127991381987 0.356779969769 9.41900559414e-08
0.418330534005 0.0965718398859 0.000326180163725 0.127991381987 0.356779969769 9.41900559414e-08
0.166666666667 0.166666666667 0.166666666667 0.166666666667 0.166666666667 0.166666666667
0.233333333333 0.233333333333 0.0333333333333 0.233333333333 0.0333333333333 0.233333333333
0.411111111111 0.0777777777778 0.0111111111111 0.0777777777778 0.344444444444 0.0777777777778
0.47037037037 0.0259259259259 0.0037037037037 0.0259259259259 0.448148148148 0.0259259259259
0.235185185185 0.512962962963 0.00185185185185 0.012962962963 0.224074074074 0.012962962963
0.117592592593 0.756481481481 0.000925925925926 0.00648148148148 0.112037037037 0.00648148148148
0.279398148148 0.18912037037 0.000231481481481 0.25162037037 0.278009259259 0.00162037037037
0.0931327160494 0.0630401234568 7.71604938272e-05 0.417206790123 0.42600308642 0.00054012345679
0.546566358025 0.0315200617284 3.85802469136e-05 0.208603395062 0.21300154321 0.000270061728395
0.273283179012 0.515760030864 1.92901234568e-05 0.104301697531 0.106500771605 0.000135030864198
0.0455471965021 0.252626671811 0.166669881687 0.184050282922 0.184416795267 0.166689171811
0.022773598251 0.126313335905 0.583334940844 0.0920251414609 0.0922083976337 0.0833445859053
0.255693399563 0.0315783339763 0.145833735211 0.273006285365 0.273052099408 0.0208361464763
0.627846699781 0.0157891669882 0.0729168676055 0.136503142683 0.136526049704 0.0104180732382
0.313923349891 0.00789458349408 0.0364584338027 0.568251571341 0.0682630248521 0.00520903661908
0.166666666667 0.166666666667 0.166666666667 0.166666666667 0.166666666667 0.166666666667
