Price Resolution OpticalZoom DigitalZoom Weight StorageIncluded
0.166666666667 0.166666666667 0.166666666667 0.166666666667 0.166666666667 0.166666666667
0.0555555555556 0.222222222222 0.222222222222 0.222222222222 0.0555555555556 0.222222222222
0.111111111111 0.111111111111 0.444444444444 0.111111111111 0.111111111111 0.111111111111
0.0833333333333 0.333333333333 0.333333333333 0.0833333333333 0.0833333333333 0.0833333333333
0.0333333333333 0.533333333333 0.133333333333 0.133333333333 0.0333333333333 0.133333333333
0.0833333333333 0.333333333333 0.333333333333 0.0833333333333 0.0833333333333 0.0833333333333
0.222222222222 0.222222222222 0.222222222222 0.222222222222 0.0555555555556 0.0555555555556
0.333333333333 0.0833333333333 0.333333333333 0.0833333333333 0.0833333333333 0.0833333333333
0.266666666667 0.0666666666667 0.266666666667 0.0666666666667 0.266666666667 0.0666666666667
0.592592592593 0.037037037037 0.148148148148 0.037037037037 0.148148148148 0.037037037037
0.735632183908 0.0114942528736 0.0459770114943 0.0114942528736 0.183908045977 0.0114942528736
0.688172043011 0.0430107526882 0.0430107526882 0.0430107526882 0.172043010753 0.010752688172
0.547008547009 0.034188034188 0.136752136752 0.136752136752 0.136752136752 0.00854700854701
0.355555555556 0.0888888888889 0.355555555556 0.0888888888889 0.0888888888889 0.0222222222222
0.387878787879 0.0242424242424 0.387878787879 0.0969696969697 0.0969696969697 0.00606060606061
0.711111111111 0.0111111111111 0.177777777778 0.0444444444444 0.0444444444444 0.0111111111111
0.609523809524 0.0380952380952 0.152380952381 0.152380952381 0.0380952380952 0.00952380952381
0.166666666667 0.166666666667 0.166666666667 0.166666666667 0.166666666667 0.166666666667
0.0666666666667 0.266666666667 0.266666666667 0.0666666666667 0.0666666666667 0.266666666667
0.121212121212 0.121212121212 0.484848484848 0.030303030303 0.121212121212 0.121212121212
0.0888888888889 0.355555555556 0.355555555556 0.0222222222222 0.0888888888889 0.0888888888889
0.037037037037 0.592592592593 0.148148148148 0.037037037037 0.037037037037 0.148148148148
0.0888888888889 0.355555555556 0.355555555556 0.0222222222222 0.0888888888889 0.0888888888889
0.266666666667 0.266666666667 0.266666666667 0.0666666666667 0.0666666666667 0.0666666666667
0.355555555556 0.0888888888889 0.355555555556 0.0222222222222 0.0888888888889 0.0888888888889
0.280701754386 0.0701754385965 0.280701754386 0.0175438596491 0.280701754386 0.0701754385965
0.609523809524 0.0380952380952 0.152380952381 0.00952380952381 0.152380952381 0.0380952380952
0.742028985507 0.0115942028986 0.185507246377 0.00289855072464 0.0463768115942 0.0115942028986
0.872975277067 0.00341005967604 0.0545609548167 0.000852514919011 0.0545609548167 0.0136402387042
0.861952861953 0.013468013468 0.0538720538721 0.003367003367 0.0538720538721 0.013468013468
0.166666666667 0.166666666667 0.166666666667 0.166666666667 0.166666666667 0.166666666667
0.222222222222 0.0555555555556 0.222222222222 0.222222222222 0.0555555555556 0.222222222222
0.190476190476 0.047619047619 0.190476190476 0.190476190476 0.190476190476 0.190476190476
0.355555555556 0.0222222222222 0.0888888888889 0.0888888888889 0.355555555556 0.0888888888889
0.609523809524 0.00952380952381 0.152380952381 0.0380952380952 0.152380952381 0.0380952380952
0.592592592593 0.037037037037 0.148148148148 0.037037037037 0.148148148148 0.037037037037
0.355555555556 0.0888888888889 0.355555555556 0.0888888888889 0.0888888888889 0.0222222222222
0.688172043011 0.0430107526882 0.172043010753 0.0430107526882 0.0430107526882 0.010752688172
0.496124031008 0.124031007752 0.124031007752 0.124031007752 0.124031007752 0.0077519379845
0.484848484848 0.121212121212 0.121212121212 0.121212121212 0.121212121212 0.030303030303
0.688172043011 0.0430107526882 0.172043010753 0.0430107526882 0.0430107526882 0.010752688172
0.828478964401 0.0129449838188 0.0517799352751 0.0517799352751 0.0517799352751 0.00323624595469
0.688172043011 0.0430107526882 0.0430107526882 0.172043010753 0.0430107526882 0.010752688172
0.547008547009 0.136752136752 0.136752136752 0.136752136752 0.034188034188 0.00854700854701
0.693766937669 0.0433604336043 0.0433604336043 0.173441734417 0.0433604336043 0.00271002710027
0.828478964401 0.0517799352751 0.0517799352751 0.0517799352751 0.0129449838188 0.00323624595469
0.632098765432 0.158024691358 0.0395061728395 0.158024691358 0.00987654320988 0.00246913580247
0.166666666667 0.166666666667 0.166666666667 0.166666666667 0.166666666667 0.166666666667
0.222222222222 0.222222222222 0.222222222222 0.222222222222 0.0555555555556 0.0555555555556
0.190476190476 0.190476190476 0.190476190476 0.190476190476 0.190476190476 0.047619047619
0.355555555556 0.0888888888889 0.0888888888889 0.0888888888889 0.355555555556 0.0222222222222
0.688172043011 0.0430107526882 0.0430107526882 0.0430107526882 0.172043010753 0.010752688172
0.861952861953 0.013468013468 0.013468013468 0.0538720538721 0.0538720538721 0.003367003367
0.828478964401 0.0517799352751 0.0129449838188 0.0517799352751 0.0517799352751 0.00323624595469
0.693766937669 0.0433604336043 0.0433604336043 0.173441734417 0.0433604336043 0.00271002710027
0.900615655233 0.014072119613 0.014072119613 0.0562884784521 0.014072119613 0.000879507475814
0.717086834734 0.0448179271709 0.0112044817927 0.179271708683 0.0448179271709 0.00280112044818
0.872975277067 0.0136402387042 0.00341005967604 0.0545609548167 0.0545609548167 0.000852514919011
0.743645606391 0.0116194625999 0.0116194625999 0.185911401598 0.0464778503994 0.000726216412491
0.717086834734 0.0448179271709 0.0112044817927 0.179271708683 0.0448179271709 0.00280112044818
0.613908872902 0.153477218225 0.0383693045564 0.153477218225 0.0383693045564 0.00239808153477
0.718596491228 0.0449122807018 0.0112280701754 0.179649122807 0.0449122807018 0.000701754385965
0.910222222222 0.0142222222222 0.00355555555556 0.0568888888889 0.0142222222222 0.000888888888889
0.750183150183 0.0468864468864 0.0029304029304 0.187545787546 0.0117216117216 0.000732600732601
0.166666666667 0.166666666667 0.166666666667 0.166666666667 0.166666666667 0.166666666667
0.0833333333333 0.0833333333333 0.333333333333 0.333333333333 0.0833333333333 0.0833333333333
0.0666666666667 0.0666666666667 0.266666666667 0.266666666667 0.266666666667 0.0666666666667
0.0555555555556 0.222222222222 0.222222222222 0.222222222222 0.222222222222 0.0555555555556
0.121212121212 0.121212121212 0.121212121212 0.121212121212 0.484848484848 0.030303030303
0.0430107526882 0.0430107526882 0.0430107526882 0.172043010753 0.688172043011 0.010752688172
0.0380952380952 0.0380952380952 0.152380952381 0.152380952381 0.609523809524 0.00952380952381
0.0711111111111 0.0711111111111 0.284444444444 0.284444444444 0.284444444444 0.00444444444444
0.034188034188 0.136752136752 0.136752136752 0.136752136752 0.547008547009 0.00854700854701
0.090395480226 0.090395480226 0.361581920904 0.090395480226 0.361581920904 0.00564971751412
0.0243531202435 0.0974124809741 0.389649923896 0.0974124809741 0.389649923896 0.00152207001522
0.018779342723 0.075117370892 0.300469483568 0.300469483568 0.300469483568 0.00469483568075
