Price Resolution OpticalZoom DigitalZoom Weight StorageIncluded
0.166666666667 0.166666666667 0.166666666667 0.166666666667 0.166666666667 0.166666666667
0.166666666667 0.166666666667 0.166666666667 0.166666666667 0.166666666667 0.166666666667
0.166666666667 0.166666666667 0.166666666667 0.166666666667 0.166666666667 0.166666666667
0.190476190476 0.190476190476 0.047619047619 0.190476190476 0.190476190476 0.190476190476
0.484848484848 0.121212121212 0.030303030303 0.121212121212 0.121212121212 0.121212121212
0.609523809524 0.0380952380952 0.00952380952381 0.152380952381 0.152380952381 0.0380952380952
0.496124031008 0.124031007752 0.0077519379845 0.124031007752 0.124031007752 0.124031007752
0.361581920904 0.361581920904 0.00564971751412 0.090395480226 0.090395480226 0.090395480226
0.284444444444 0.284444444444 0.00444444444444 0.0711111111111 0.284444444444 0.0711111111111
0.136752136752 0.136752136752 0.00854700854701 0.136752136752 0.547008547009 0.034188034188
0.133333333333 0.133333333333 0.0333333333333 0.133333333333 0.533333333333 0.0333333333333
0.231884057971 0.231884057971 0.0579710144928 0.231884057971 0.231884057971 0.0144927536232
0.547008547009 0.136752136752 0.034188034188 0.136752136752 0.136752136752 0.00854700854701
0.166666666667 0.166666666667 0.166666666667 0.166666666667 0.166666666667 0.166666666667
0.190476190476 0.190476190476 0.190476190476 0.190476190476 0.047619047619 0.190476190476
0.333333333333 0.333333333333 0.0833333333333 0.0833333333333 0.0833333333333 0.0833333333333
0.592592592593 0.148148148148 0.037037037037 0.037037037037 0.148148148148 0.037037037037
0.380952380952 0.0952380952381 0.0238095238095 0.0952380952381 0.380952380952 0.0238095238095
0.140350877193 0.140350877193 0.00877192982456 0.140350877193 0.561403508772 0.00877192982456
0.1592039801 0.0398009950249 0.00248756218905 0.1592039801 0.636815920398 0.00248756218905
0.428810720268 0.0268006700168 0.00670016750419 0.107202680067 0.428810720268 0.00167504187605
0.396899224806 0.0992248062016 0.0062015503876 0.0992248062016 0.396899224806 0.0015503875969
0.166666666667 0.166666666667 0.166666666667 0.166666666667 0.166666666667 0.166666666667
0.0666666666667 0.266666666667 0.266666666667 0.266666666667 0.0666666666667 0.0666666666667
0.190476190476 0.190476190476 0.190476190476 0.190476190476 0.190476190476 0.047619047619
0.280701754386 0.0701754385965 0.0701754385965 0.280701754386 0.280701754386 0.0175438596491
0.280701754386 0.0701754385965 0.0701754385965 0.280701754386 0.280701754386 0.0175438596491
0.133333333333 0.133333333333 0.0333333333333 0.533333333333 0.133333333333 0.0333333333333
0.380952380952 0.0952380952381 0.0238095238095 0.380952380952 0.0952380952381 0.0238095238095
