Price Resolution OpticalZoom DigitalZoom Weight StorageIncluded
0.166666666667 0.166666666667 0.166666666667 0.166666666667 0.166666666667 0.166666666667
0.190476190476 0.190476190476 0.047619047619 0.190476190476 0.190476190476 0.190476190476
0.190476190476 0.190476190476 0.047619047619 0.190476190476 0.190476190476 0.190476190476
0.355555555556 0.0888888888889 0.0222222222222 0.0888888888889 0.355555555556 0.0888888888889
0.355555555556 0.0888888888889 0.0222222222222 0.0888888888889 0.355555555556 0.0888888888889
0.688172043011 0.0430107526882 0.010752688172 0.0430107526882 0.172043010753 0.0430107526882
0.484848484848 0.121212121212 0.030303030303 0.121212121212 0.121212121212 0.121212121212
0.688172043011 0.0430107526882 0.010752688172 0.0430107526882 0.172043010753 0.0430107526882
0.761904761905 0.0119047619048 0.0119047619048 0.0119047619048 0.190476190476 0.0119047619048
0.711111111111 0.0444444444444 0.0444444444444 0.0111111111111 0.177777777778 0.0111111111111
0.768768768769 0.012012012012 0.012012012012 0.012012012012 0.192192192192 0.003003003003
0.466302367942 0.00728597449909 0.0291438979964 0.0291438979964 0.466302367942 0.00182149362477
0.466302367942 0.00728597449909 0.0291438979964 0.0291438979964 0.466302367942 0.00182149362477
0.194381169324 0.00303720577069 0.0121488230828 0.0121488230828 0.777524677297 0.000759301442673
0.166666666667 0.166666666667 0.166666666667 0.166666666667 0.166666666667 0.166666666667
0.166666666667 0.166666666667 0.166666666667 0.166666666667 0.166666666667 0.166666666667
0.0666666666667 0.266666666667 0.0666666666667 0.266666666667 0.0666666666667 0.266666666667
0.0666666666667 0.266666666667 0.0666666666667 0.266666666667 0.0666666666667 0.266666666667
0.222222222222 0.222222222222 0.0555555555556 0.222222222222 0.0555555555556 0.222222222222
0.533333333333 0.133333333333 0.0333333333333 0.133333333333 0.0333333333333 0.133333333333
0.533333333333 0.133333333333 0.0333333333333 0.133333333333 0.0333333333333 0.133333333333
0.561403508772 0.140350877193 0.00877192982456 0.140350877193 0.00877192982456 0.140350877193
0.632098765432 0.158024691358 0.00246913580247 0.158024691358 0.00987654320988 0.0395061728395
0.872975277067 0.0545609548167 0.000852514919011 0.0545609548167 0.00341005967604 0.0136402387042
0.750183150183 0.187545787546 0.000732600732601 0.0468864468864 0.0029304029304 0.0117216117216
0.477389277389 0.477389277389 0.0004662004662 0.0298368298368 0.00745920745921 0.00745920745921
0.196281387771 0.785125551083 0.000191681042745 0.0122675867357 0.00306689668392 0.00306689668392
0.493970091655 0.493970091655 0.000482392667631 0.0077182826821 0.00192957067053 0.00192957067053
0.480075011721 0.480075011721 0.000468823253633 0.0300046882325 0.00750117205813 0.00187529301453
0.477389277389 0.477389277389 0.0004662004662 0.0298368298368 0.00745920745921 0.00745920745921
0.480243873842 0.480243873842 0.000117247039512 0.0300152421151 0.0018759526322 0.00750381052878
0.785238437575 0.196309609394 4.79271507309e-05 0.0122693505871 0.00306733764678 0.00306733764678
0.757361438543 0.189340359636 4.62256737392e-05 0.0473350899089 0.00295844311931 0.00295844311931
0.480286107935 0.480286107935 2.93143376425e-05 0.030017881746 0.00187611760912 0.00750447043649
0.166666666667 0.166666666667 0.166666666667 0.166666666667 0.166666666667 0.166666666667
0.266666666667 0.0666666666667 0.266666666667 0.266666666667 0.0666666666667 0.0666666666667
0.533333333333 0.0333333333333 0.133333333333 0.133333333333 0.133333333333 0.0333333333333
0.355555555556 0.0888888888889 0.0888888888889 0.0888888888889 0.355555555556 0.0222222222222
0.280701754386 0.280701754386 0.0701754385965 0.0701754385965 0.280701754386 0.0175438596491
0.152380952381 0.609523809524 0.0380952380952 0.0380952380952 0.152380952381 0.00952380952381
0.418300653595 0.418300653595 0.0261437908497 0.0261437908497 0.104575163399 0.00653594771242
0.158024691358 0.632098765432 0.00987654320988 0.0395061728395 0.158024691358 0.00246913580247
0.141280353201 0.565121412804 0.00883002207506 0.141280353201 0.141280353201 0.00220750551876
0.396899224806 0.396899224806 0.0062015503876 0.0992248062016 0.0992248062016 0.0015503875969
0.142222222222 0.568888888889 0.00222222222222 0.142222222222 0.142222222222 0.00222222222222
0.306954436451 0.306954436451 0.00119904076739 0.0767386091127 0.306954436451 0.00119904076739
0.306954436451 0.306954436451 0.00119904076739 0.0767386091127 0.306954436451 0.00119904076739
0.431521281079 0.431521281079 0.000421407501054 0.0269700800674 0.10788032027 0.00168563000421
0.752249770432 0.188062442608 0.000183654729109 0.011753902663 0.047015610652 0.000734618916437
0.725084085679 0.18127102142 0.000177022481855 0.0453177553549 0.0453177553549 0.00283235970968
0.638304503662 0.159576125916 0.000155836060464 0.0398940314789 0.159576125916 0.00249337696743
0.570076548365 0.142519137091 0.000139178844816 0.142519137091 0.142519137091 0.00222686151705
0.570076548365 0.142519137091 0.000139178844816 0.142519137091 0.142519137091 0.00222686151705
0.841370102193 0.052585631387 5.13531556514e-05 0.052585631387 0.052585631387 0.000821650490423
0.639575282039 0.0399734551275 3.90365772729e-05 0.15989382051 0.15989382051 0.000624585236366
0.639575282039 0.0399734551275 3.90365772729e-05 0.15989382051 0.15989382051 0.000624585236366
0.570136061523 0.142534015381 3.47983435988e-05 0.142534015381 0.142534015381 0.00222709399033
0.166666666667 0.166666666667 0.166666666667 0.166666666667 0.166666666667 0.166666666667
