Price Resolution OpticalZoom DigitalZoom Weight StorageIncluded
0.166666666667 0.166666666667 0.166666666667 0.166666666667 0.166666666667 0.166666666667
0.190476190476 0.190476190476 0.047619047619 0.190476190476 0.190476190476 0.190476190476
0.121212121212 0.121212121212 0.030303030303 0.121212121212 0.484848484848 0.121212121212
0.121212121212 0.121212121212 0.030303030303 0.121212121212 0.484848484848 0.121212121212
0.355555555556 0.0888888888889 0.0222222222222 0.0888888888889 0.355555555556 0.0888888888889
0.418300653595 0.0261437908497 0.00653594771242 0.104575163399 0.418300653595 0.0261437908497
0.418300653595 0.0261437908497 0.00653594771242 0.104575163399 0.418300653595 0.0261437908497
0.185507246377 0.0115942028986 0.00289855072464 0.0463768115942 0.742028985507 0.0115942028986
0.166666666667 0.166666666667 0.166666666667 0.166666666667 0.166666666667 0.166666666667
0.266666666667 0.0666666666667 0.266666666667 0.266666666667 0.0666666666667 0.0666666666667
0.533333333333 0.0333333333333 0.133333333333 0.133333333333 0.133333333333 0.0333333333333
0.627450980392 0.00980392156863 0.0392156862745 0.156862745098 0.156862745098 0.00980392156863
0.627450980392 0.00980392156863 0.0392156862745 0.156862745098 0.156862745098 0.00980392156863
0.609523809524 0.0380952380952 0.0380952380952 0.152380952381 0.152380952381 0.00952380952381
0.735632183908 0.0114942528736 0.0114942528736 0.183908045977 0.0459770114943 0.0114942528736
0.735632183908 0.0114942528736 0.0114942528736 0.183908045977 0.0459770114943 0.0114942528736
0.735632183908 0.0114942528736 0.0114942528736 0.183908045977 0.0459770114943 0.0114942528736
0.609523809524 0.0380952380952 0.00952380952381 0.152380952381 0.152380952381 0.0380952380952
0.651399491094 0.0101781170483 0.00254452926209 0.162849872774 0.162849872774 0.0101781170483
0.756836659276 0.0029563932003 0.000739098300074 0.0473022912047 0.189209164819 0.0029563932003
0.925649717514 0.00090395480226 0.000225988700565 0.0144632768362 0.0578531073446 0.00090395480226
0.923146270002 0.0036060401172 0.000225377507325 0.0144241604688 0.0576966418751 0.000901510029299
0.96849323166 0.000945794171543 5.91121357215e-05 0.0151327067447 0.0151327067447 0.000236448542886
0.991932676444 0.000242171063585 1.51356914741e-05 0.00387473701736 0.00387473701736 6.05427658963e-05
0.968707965648 0.000946003872703 1.4781310511e-05 0.0151360619633 0.0151360619633 5.9125242044e-05
0.96849323166 0.000945794171543 5.91121357215e-05 0.0151327067447 0.0151327067447 0.000236448542886
0.980534733755 0.000239388362733 1.49617726708e-05 0.0153208552149 0.00383021380373 5.98470906833e-05
0.969352739321 0.000236658383623 5.91645959058e-05 0.0151461365519 0.0151461365519 5.91645959058e-05
0.166666666667 0.166666666667 0.166666666667 0.166666666667 0.166666666667 0.166666666667
0.0666666666667 0.266666666667 0.0666666666667 0.266666666667 0.0666666666667 0.266666666667
0.0666666666667 0.266666666667 0.0666666666667 0.266666666667 0.0666666666667 0.266666666667
0.190476190476 0.190476190476 0.047619047619 0.190476190476 0.190476190476 0.190476190476
0.190476190476 0.190476190476 0.047619047619 0.190476190476 0.190476190476 0.190476190476
0.190476190476 0.190476190476 0.047619047619 0.190476190476 0.190476190476 0.190476190476
0.0579710144928 0.231884057971 0.0144927536232 0.231884057971 0.231884057971 0.231884057971
0.0711111111111 0.284444444444 0.00444444444444 0.0711111111111 0.284444444444 0.284444444444
0.137634408602 0.137634408602 0.00215053763441 0.0344086021505 0.550537634409 0.137634408602
0.179649122807 0.0449122807018 0.000701754385965 0.0112280701754 0.718596491228 0.0449122807018
0.466940264478 0.0291837665299 0.000455996352029 0.00729594163247 0.466940264478 0.0291837665299
0.429350104822 0.107337526205 0.00041928721174 0.00670859538784 0.429350104822 0.0268343815514
0.163239279452 0.163239279452 0.000159413358839 0.0102024549657 0.652957117806 0.0102024549657
0.0546045965979 0.0546045965979 5.33248013651e-05 0.0136511491495 0.873673545566 0.00341278728737
0.0142727716217 0.0570910864869 1.39382535368e-05 0.0142727716217 0.91345738379 0.000892048226357
0.0470237070203 0.188094828081 1.14803972217e-05 0.0117559267551 0.752379312324 0.000734745422192
0.159898501927 0.159898501927 9.75943004929e-06 0.0399746254819 0.63959400771 0.000624603523154
0.108061760884 0.432247043537 6.59556646023e-06 0.0270154402211 0.432247043537 0.000422116253454
0.326424896274 0.326424896274 4.98084863699e-06 0.0204015560171 0.326424896274 0.000318774312767
0.164921472556 0.659685890225 2.51650196161e-06 0.0103075920348 0.164921472556 0.000161056125543
0.166666666667 0.166666666667 0.166666666667 0.166666666667 0.166666666667 0.166666666667
0.0666666666667 0.266666666667 0.0666666666667 0.266666666667 0.0666666666667 0.266666666667
0.0666666666667 0.266666666667 0.0666666666667 0.266666666667 0.0666666666667 0.266666666667
0.0666666666667 0.266666666667 0.0666666666667 0.266666666667 0.0666666666667 0.266666666667
0.222222222222 0.222222222222 0.0555555555556 0.222222222222 0.0555555555556 0.222222222222
0.533333333333 0.133333333333 0.0333333333333 0.133333333333 0.0333333333333 0.133333333333
0.547008547009 0.136752136752 0.00854700854701 0.136752136752 0.034188034188 0.136752136752
0.693766937669 0.173441734417 0.00271002710027 0.0433604336043 0.0433604336043 0.0433604336043
0.693766937669 0.173441734417 0.00271002710027 0.0433604336043 0.0433604336043 0.0433604336043
0.900615655233 0.0562884784521 0.000879507475814 0.014072119613 0.014072119613 0.014072119613
0.973152767878 0.0152055119981 0.00023758612497 0.00380137799952 0.00380137799952 0.00380137799952
0.91082944185 0.0569268401156 0.000222370469202 0.00355792750723 0.0142317100289 0.0142317100289
0.743645606391 0.185911401598 0.000726216412491 0.0116194625999 0.0464778503994 0.0116194625999
0.632098765432 0.158024691358 0.00246913580247 0.0395061728395 0.158024691358 0.00987654320988
0.319600499376 0.319600499376 0.00124843945069 0.019975031211 0.319600499376 0.019975031211
0.158317872604 0.633271490414 0.000618429189858 0.00989486703772 0.158317872604 0.0395794681509
0.32477006026 0.32477006026 0.000317158261973 0.00507453219156 0.32477006026 0.0202981287663
0.4405722276 0.1101430569 0.000107561579004 0.00172098526406 0.4405722276 0.00688394105625
0.166666666667 0.166666666667 0.166666666667 0.166666666667 0.166666666667 0.166666666667
0.0666666666667 0.266666666667 0.0666666666667 0.266666666667 0.0666666666667 0.266666666667
0.0666666666667 0.266666666667 0.0666666666667 0.266666666667 0.0666666666667 0.266666666667
0.222222222222 0.222222222222 0.0555555555556 0.222222222222 0.0555555555556 0.222222222222
0.222222222222 0.222222222222 0.0555555555556 0.222222222222 0.0555555555556 0.222222222222
0.0952380952381 0.380952380952 0.0238095238095 0.380952380952 0.0238095238095 0.0952380952381
0.0261437908497 0.418300653595 0.00653594771242 0.418300653595 0.0261437908497 0.104575163399
0.0433604336043 0.173441734417 0.00271002710027 0.693766937669 0.0433604336043 0.0433604336043
0.137634408602 0.137634408602 0.00215053763441 0.550537634409 0.137634408602 0.0344086021505
0.0713489409142 0.285395763657 0.00111482720178 0.285395763657 0.285395763657 0.0713489409142
0.0384384384384 0.615015015015 0.000600600600601 0.153753753754 0.153753753754 0.0384384384384
0.0116257947321 0.744050862852 0.000181653042688 0.0465031789282 0.186012715713 0.0116257947321
0.0291937507127 0.467100011404 0.000114038088722 0.0291937507127 0.467100011404 0.00729843767818
0.0993692382339 0.397476952935 9.70402717128e-05 0.0993692382339 0.397476952935 0.00621057738962
0.0453177553549 0.725084085679 0.000177022481855 0.0453177553549 0.18127102142 0.00283235970968
0.159576125916 0.638304503662 0.000155836060464 0.0398940314789 0.159576125916 0.00249337696743
0.326088687206 0.326088687206 7.96114959e-05 0.0203805429504 0.326088687206 0.0012737839344
0.15987509758 0.15987509758 0.00015612802498 0.039968774395 0.63950039032 0.000624512099922
0.159968756102 0.159968756102 3.90548720953e-05 0.0399921890256 0.639875024409 0.000156219488381
0.43237537276 0.10809384319 2.63900984351e-05 0.0270234607975 0.43237537276 0.00010556039374
0.326498076961 0.326498076961 1.99278611427e-05 0.0204061298101 0.326498076961 7.97114445707e-05
