Price Resolution OpticalZoom DigitalZoom Weight StorageIncluded
0.166666666667 0.166666666667 0.166666666667 0.166666666667 0.166666666667 0.166666666667
0.0555555555556 0.222222222222 0.0555555555556 0.222222222222 0.222222222222 0.222222222222
0.0555555555556 0.222222222222 0.0555555555556 0.222222222222 0.222222222222 0.222222222222
0.121212121212 0.121212121212 0.030303030303 0.121212121212 0.484848484848 0.121212121212
0.121212121212 0.121212121212 0.030303030303 0.121212121212 0.484848484848 0.121212121212
0.152380952381 0.0380952380952 0.00952380952381 0.152380952381 0.609523809524 0.0380952380952
0.124031007752 0.124031007752 0.0077519379845 0.124031007752 0.496124031008 0.124031007752
0.124756335283 0.124756335283 0.00194931773879 0.124756335283 0.499025341131 0.124756335283
0.173794976239 0.0434487440597 0.000678886625933 0.0434487440597 0.695179904956 0.0434487440597
0.173794976239 0.0434487440597 0.000678886625933 0.0434487440597 0.695179904956 0.0434487440597
0.137856758212 0.137856758212 0.000538502961766 0.034464189553 0.551427032849 0.137856758212
0.173883511632 0.043470877908 0.000169808116828 0.043470877908 0.695534046527 0.043470877908
0.0519454167301 0.0519454167301 5.07279460255e-05 0.0519454167301 0.831126667681 0.0129863541825
0.158409714971 0.158409714971 3.8674246819e-05 0.0396024287427 0.633638859883 0.00990060718568
0.0993764708737 0.397505883495 2.42618337094e-05 0.0993764708737 0.397505883495 0.0062110294296
0.0453252774735 0.725204439576 1.10657415707e-05 0.0453252774735 0.181301109894 0.00283282984209
0.0998433853148 0.399373541259 6.09395662322e-06 0.0998433853148 0.399373541259 0.00156005289554
0.0270155738583 0.432249181733 1.64889977163e-06 0.108062295433 0.432249181733 0.000422118341537
0.0999608002843 0.399843201137 1.52528076606e-06 0.0999608002843 0.399843201137 0.000390471876111
0.0293982412911 0.470371860658 4.4858156267e-07 0.0293982412911 0.470371860658 0.000459347520174
0.0121927963599 0.195084741758 1.86047307737e-07 0.0121927963599 0.780338967032 0.000190512443123
0.045446468244 0.181785872976 1.73364518143e-07 0.045446468244 0.727143491905 0.000177525266578
0.108062462481 0.432249849924 1.03056395036e-07 0.0270156156203 0.432249849924 0.000422118994067
0.0999609432235 0.399843772894 9.5330184196e-08 0.0999609432235 0.399843772894 0.000390472434467
0.0293982536544 0.470372058471 2.80363594574e-08 0.0293982536544 0.470372058471 0.00045934771335
0.0470501740725 0.18820069629 1.12176356488e-08 0.0117625435181 0.752802785159 0.000183789742471
0.15997500238 0.15997500238 9.53525318982e-09 0.0399937505951 0.639900009521 0.000156225588262
0.15997500238 0.15997500238 9.53525318982e-09 0.0399937505951 0.639900009521 0.000156225588262
0.159975003524 0.159975003524 2.3838133145e-09 0.0399937508811 0.639900014097 0.000156225589379
0.108096695176 0.432386780704 6.44306511736e-09 0.027024173794 0.432386780704 0.000105563178883
0.159975003524 0.159975003524 2.3838133145e-09 0.0399937508811 0.639900014097 0.000156225589379
0.166666666667 0.166666666667 0.166666666667 0.166666666667 0.166666666667 0.166666666667
0.0666666666667 0.266666666667 0.0666666666667 0.266666666667 0.0666666666667 0.266666666667
0.0666666666667 0.266666666667 0.0666666666667 0.266666666667 0.0666666666667 0.266666666667
0.190476190476 0.190476190476 0.047619047619 0.190476190476 0.190476190476 0.190476190476
0.190476190476 0.190476190476 0.047619047619 0.190476190476 0.190476190476 0.190476190476
0.280701754386 0.0701754385965 0.0175438596491 0.280701754386 0.280701754386 0.0701754385965
0.197530864198 0.197530864198 0.0123456790123 0.197530864198 0.197530864198 0.197530864198
0.19937694704 0.19937694704 0.00311526479751 0.19937694704 0.19937694704 0.19937694704
0.363120567376 0.090780141844 0.00141843971631 0.090780141844 0.363120567376 0.090780141844
0.363120567376 0.090780141844 0.00141843971631 0.090780141844 0.363120567376 0.090780141844
0.23507805326 0.23507805326 0.000918273645546 0.058769513315 0.23507805326 0.23507805326
0.363507277245 0.0908768193113 0.000354987575435 0.0908768193113 0.363507277245 0.0908768193113
0.421009353479 0.0263130845925 0.000102785486689 0.10525233837 0.421009353479 0.0263130845925
0.390206725731 0.0975516814328 9.52653138992e-05 0.0975516814328 0.390206725731 0.0243879203582
0.633638859883 0.0396024287427 3.8674246819e-05 0.158409714971 0.158409714971 0.00990060718568
0.566352103426 0.141588025856 3.45673891251e-05 0.141588025856 0.141588025856 0.00884925161603
0.397505883495 0.397505883495 2.42618337094e-05 0.0993764708737 0.0993764708737 0.0062110294296
0.570150941755 0.142537735439 8.69981295402e-06 0.142537735439 0.142537735439 0.00222715211623
0.841410610715 0.0525881631697 3.20972675596e-06 0.0525881631697 0.0525881631697 0.000821690049526
0.726754550117 0.0454221593823 2.77234859511e-06 0.0454221593823 0.181688637529 0.000709721240349
0.639598689299 0.0399749180812 2.43987537117e-06 0.159899672325 0.159899672325 0.000624608095019
0.570154661934 0.142538665483 2.17496742986e-06 0.142538665483 0.142538665483 0.00222716664818
0.639599859707 0.0399749912317 6.0996995898e-07 0.159899964927 0.159899964927 0.000624609237995
0.87652453328 0.0136956958325 2.08979733772e-07 0.05478278333 0.05478278333 0.000213995247383
0.752387815071 0.0117560596105 1.79383233803e-07 0.188096953768 0.0470242384419 0.000734753725655
0.752387815071 0.0117560596105 1.79383233803e-07 0.188096953768 0.0470242384419 0.000734753725655
0.441189096203 0.00689357962818 1.05187677432e-07 0.441189096203 0.110297274051 0.000430848726761
0.65936885964 0.0103026384319 1.57205786619e-07 0.16484221491 0.16484221491 0.000643914901992
0.885621574872 0.00345945927684 5.27871593757e-08 0.0553513484295 0.0553513484295 0.000216216204803
0.926644407769 0.000904926179462 1.38080776895e-08 0.0579152754856 0.0144788188714 5.65578862164e-05
0.166666666667 0.166666666667 0.166666666667 0.166666666667 0.166666666667 0.166666666667
0.0666666666667 0.266666666667 0.0666666666667 0.266666666667 0.0666666666667 0.266666666667
0.0666666666667 0.266666666667 0.0666666666667 0.266666666667 0.0666666666667 0.266666666667
0.190476190476 0.190476190476 0.047619047619 0.190476190476 0.190476190476 0.190476190476
0.190476190476 0.190476190476 0.047619047619 0.190476190476 0.190476190476 0.190476190476
0.280701754386 0.0701754385965 0.0175438596491 0.280701754386 0.280701754386 0.0701754385965
0.197530864198 0.197530864198 0.0123456790123 0.197530864198 0.197530864198 0.197530864198
0.19937694704 0.19937694704 0.00311526479751 0.19937694704 0.19937694704 0.19937694704
0.363120567376 0.090780141844 0.00141843971631 0.090780141844 0.363120567376 0.090780141844
0.363120567376 0.090780141844 0.00141843971631 0.090780141844 0.363120567376 0.090780141844
0.23507805326 0.23507805326 0.000918273645546 0.058769513315 0.23507805326 0.23507805326
0.363507277245 0.0908768193113 0.000354987575435 0.0908768193113 0.363507277245 0.0908768193113
0.615292173652 0.0384557608532 0.000150217815833 0.153823043413 0.153823043413 0.0384557608532
0.55164983165 0.137912457912 0.00013468013468 0.137912457912 0.137912457912 0.0344781144781
0.390206725731 0.0975516814328 9.52653138992e-05 0.0975516814328 0.390206725731 0.0243879203582
0.246094688777 0.246094688777 0.000240326844509 0.246094688777 0.246094688777 0.0153809180485
0.397476952935 0.0993692382339 9.70402717128e-05 0.0993692382339 0.397476952935 0.00621057738962
0.7251803656 0.04532377285 4.42614969238e-05 0.04532377285 0.1812950914 0.00283273580312
0.397505883495 0.0993764708737 2.42618337094e-05 0.0993764708737 0.397505883495 0.0062110294296
0.469721403946 0.0293575877466 7.16737982096e-06 0.0293575877466 0.469721403946 0.00183484923417
0.166666666667 0.166666666667 0.166666666667 0.166666666667 0.166666666667 0.166666666667
0.222222222222 0.222222222222 0.0555555555556 0.222222222222 0.0555555555556 0.222222222222
0.222222222222 0.222222222222 0.0555555555556 0.222222222222 0.0555555555556 0.222222222222
0.484848484848 0.121212121212 0.030303030303 0.121212121212 0.121212121212 0.121212121212
0.688172043011 0.0430107526882 0.010752688172 0.0430107526882 0.172043010753 0.0430107526882
0.688172043011 0.0430107526882 0.010752688172 0.0430107526882 0.172043010753 0.0430107526882
0.361581920904 0.090395480226 0.00564971751412 0.090395480226 0.361581920904 0.090395480226
0.45632798574 0.0285204991087 0.0017825311943 0.0285204991087 0.45632798574 0.0285204991087
0.185911401598 0.0116194625999 0.000726216412491 0.0464778503994 0.743645606391 0.0116194625999
0.173441734417 0.0433604336043 0.00271002710027 0.0433604336043 0.693766937669 0.0433604336043
0.192626034612 0.0120391271633 0.000752445447705 0.0120391271633 0.77050413845 0.0120391271633
0.196168582375 0.00306513409962 0.000766283524904 0.0122605363985 0.784674329502 0.00306513409962
0.196168582375 0.00306513409962 0.000766283524904 0.0122605363985 0.784674329502 0.00306513409962
0.480075011721 0.00750117205813 0.000468823253633 0.0300046882325 0.480075011721 0.00187529301453
0.494148871999 0.00193026903125 0.000120641814453 0.00772107612498 0.494148871999 0.00193026903125
0.78886802446 0.000770378930136 4.81486831335e-05 0.0123260628822 0.197217006115 0.000770378930136
0.78886802446 0.000770378930136 4.81486831335e-05 0.0123260628822 0.197217006115 0.000770378930136
0.757361438543 0.00295844311931 4.62256737392e-05 0.0473350899089 0.189340359636 0.00295844311931
0.9258458713 0.000904146358692 1.41272868546e-05 0.0144663417391 0.0578653669563 0.000904146358692
0.166666666667 0.166666666667 0.166666666667 0.166666666667 0.166666666667 0.166666666667
0.190476190476 0.190476190476 0.047619047619 0.190476190476 0.190476190476 0.190476190476
0.190476190476 0.190476190476 0.047619047619 0.190476190476 0.190476190476 0.190476190476
0.355555555556 0.0888888888889 0.0222222222222 0.0888888888889 0.355555555556 0.0888888888889
0.355555555556 0.0888888888889 0.0222222222222 0.0888888888889 0.355555555556 0.0888888888889
0.355555555556 0.0888888888889 0.0222222222222 0.0888888888889 0.355555555556 0.0888888888889
0.124031007752 0.124031007752 0.0077519379845 0.124031007752 0.496124031008 0.124031007752
0.153477218225 0.153477218225 0.00239808153477 0.0383693045564 0.613908872902 0.0383693045564
0.0540084388186 0.0540084388186 0.00084388185654 0.0135021097046 0.864135021097 0.0135021097046
0.0519059205191 0.0519059205191 0.00081103000811 0.0519059205191 0.830494728305 0.0129764801298
0.0498442367601 0.0498442367601 0.00311526479751 0.0498442367601 0.797507788162 0.0498442367601
0.173441734417 0.0433604336043 0.00271002710027 0.0433604336043 0.693766937669 0.0433604336043
0.153477218225 0.153477218225 0.00239808153477 0.0383693045564 0.613908872902 0.0383693045564
0.105090311987 0.420361247947 0.00164203612479 0.0262725779967 0.420361247947 0.0262725779967
0.319600499376 0.319600499376 0.00124843945069 0.019975031211 0.319600499376 0.019975031211
0.107337526205 0.429350104822 0.00041928721174 0.00670859538784 0.429350104822 0.0268343815514
0.107337526205 0.429350104822 0.00041928721174 0.00670859538784 0.429350104822 0.0268343815514
0.164497991968 0.164497991968 0.000160642570281 0.0025702811245 0.657991967871 0.010281124498
0.107371290762 0.429485163049 0.000104854776135 0.00671070567264 0.429485163049 0.0268428226906
0.10525233837 0.421009353479 0.000102785486689 0.0263130845925 0.421009353479 0.0263130845925
0.319975001953 0.319975001953 7.81188969612e-05 0.0199984376221 0.319975001953 0.0199984376221
0.163258798677 0.163258798677 3.98581051457e-05 0.0102036749173 0.653035194707 0.0102036749173
0.158409714971 0.158409714971 3.8674246819e-05 0.0396024287427 0.633638859883 0.00990060718568
0.044943327079 0.179773308316 1.09724919626e-05 0.044943327079 0.719093233264 0.0112358317698
0.0993782791981 0.397513116793 6.06556879871e-06 0.0993782791981 0.397513116793 0.00621114244988
0.0396038646642 0.633661834628 2.41722806789e-06 0.158415458657 0.158415458657 0.00990096616606
0.141591696698 0.566366786791 8.64207133166e-06 0.141591696698 0.141591696698 0.00884948104362
0.249026291091 0.249026291091 3.79983964677e-06 0.249026291091 0.249026291091 0.00389103579829
