Price Resolution OpticalZoom DigitalZoom Weight StorageIncluded
0.166666666667 0.166666666667 0.166666666667 0.166666666667 0.166666666667 0.166666666667
0.0333333333333 0.233333333333 0.0333333333333 0.233333333333 0.233333333333 0.233333333333
0.0333333333333 0.233333333333 0.0333333333333 0.233333333333 0.233333333333 0.233333333333
0.344444444444 0.0777777777778 0.0111111111111 0.0777777777778 0.411111111111 0.0777777777778
0.336111111111 0.0194444444444 0.00277777777778 0.269444444444 0.352777777778 0.0194444444444
0.168055555556 0.00972222222222 0.00138888888889 0.134722222222 0.676388888889 0.00972222222222
0.168055555556 0.00972222222222 0.00138888888889 0.134722222222 0.676388888889 0.00972222222222
0.292013888889 0.252430555556 0.000347222222222 0.0336805555556 0.419097222222 0.00243055555556
0.097337962963 0.417476851852 0.000115740740741 0.0112268518519 0.473032407407 0.000810185185185
0.548668981481 0.208738425926 5.78703703704e-05 0.00561342592593 0.236516203704 0.000405092592593
0.774334490741 0.104369212963 2.89351851852e-05 0.00280671296296 0.118258101852 0.000202546296296
0.591444830247 0.368123070988 9.6450617284e-06 0.000935570987654 0.039419367284 6.75154320988e-05
0.197148276749 0.456041023663 3.21502057613e-06 0.000311856995885 0.346473122428 2.25051440329e-05
0.299287069187 0.114010255916 8.03755144033e-07 0.250077964249 0.336618280607 5.62628600823e-06
0.0748217672968 0.278502563979 0.250000200939 0.0625194910622 0.334154570152 1.40657150206e-06
0.358273922432 0.426167521326 0.0833334003129 0.0208398303541 0.111384856717 4.68857167353e-07
0.679136961216 0.213083760663 0.0416667001565 0.010419915177 0.0556924283586 2.34428583676e-07
0.166666666667 0.166666666667 0.166666666667 0.166666666667 0.166666666667 0.166666666667
0.233333333333 0.233333333333 0.0333333333333 0.233333333333 0.233333333333 0.0333333333333
0.616666666667 0.116666666667 0.0166666666667 0.116666666667 0.116666666667 0.0166666666667
0.308333333333 0.0583333333333 0.00833333333333 0.0583333333333 0.558333333333 0.00833333333333
0.308333333333 0.0583333333333 0.00833333333333 0.0583333333333 0.558333333333 0.00833333333333
0.102777777778 0.352777777778 0.00277777777778 0.352777777778 0.186111111111 0.00277777777778
0.183796296296 0.225462962963 0.000462962962963 0.225462962963 0.197685185185 0.16712962963
0.591898148148 0.112731481481 0.000231481481481 0.112731481481 0.0988425925926 0.0835648148148
0.265316358025 0.185455246914 3.85802469136e-05 0.185455246914 0.183140432099 0.180594135802
0.0884387860082 0.0618184156379 1.28600823045e-05 0.395151748971 0.0610468106996 0.393531378601
0.272109696502 0.265454603909 3.21502057613e-06 0.348787937243 0.0152617026749 0.0983828446502
0.424036565501 0.0884848679698 1.07167352538e-06 0.116262645748 0.338420567558 0.0327942815501
0.356009141375 0.0221212169925 2.67918381344e-07 0.279065661437 0.33460514189 0.00819857038752
0.118669713792 0.340707072331 8.93061271148e-08 0.0930218871456 0.44486838063 0.00273285679584
0.372889904597 0.446902357444 2.97687090383e-08 0.0310072957152 0.14828946021 0.00091095226528
0.457629968199 0.148967452481 9.92290301275e-09 0.0103357652384 0.382763153403 0.000303650755093
0.485876656066 0.0496558174937 3.30763433758e-09 0.336778588413 0.127587717801 0.000101216918364
0.121469164017 0.262413954373 8.26908584396e-10 0.334194647103 0.28189692945 2.53042295911e-05
0.0404897213389 0.420804651458 2.75636194799e-10 0.111398215701 0.427298976483 8.43474319703e-06
0.0101224303347 0.355201162864 0.250000000069 0.0278495539253 0.356824744121 2.10868579926e-06
0.336707476778 0.451733720955 0.0833333333563 0.00928318464176 0.118941581374 7.0289526642e-07
0.668353738389 0.225866860477 0.0416666666782 0.00464159232088 0.0594707906868 3.5144763321e-07
0.556117912796 0.0752889534925 0.0138888888927 0.00154719744029 0.353156930229 1.1714921107e-07
0.166666666667 0.166666666667 0.166666666667 0.166666666667 0.166666666667 0.166666666667
0.166666666667 0.166666666667 0.166666666667 0.166666666667 0.166666666667 0.166666666667
0.0416666666667 0.0416666666667 0.291666666667 0.291666666667 0.0416666666667 0.291666666667
0.347222222222 0.0138888888889 0.0972222222222 0.0972222222222 0.347222222222 0.0972222222222
0.115740740741 0.337962962963 0.0324074074074 0.0324074074074 0.449074074074 0.0324074074074
0.0385802469136 0.445987654321 0.0108024691358 0.0108024691358 0.483024691358 0.0108024691358
0.519290123457 0.22299382716 0.0054012345679 0.0054012345679 0.241512345679 0.0054012345679
0.759645061728 0.11149691358 0.00270061728395 0.00270061728395 0.12075617284 0.00270061728395
0.189911265432 0.277874228395 0.000675154320988 0.250675154321 0.28018904321 0.000675154320988
0.297477816358 0.0694685570988 0.000168788580247 0.31266878858 0.320047260802 0.000168788580247
0.0743694540895 0.267367139275 0.250042197145 0.0781671971451 0.330011815201 4.21971450617e-05
0.358123151363 0.422455713092 0.0833473990484 0.0260557323817 0.1100039384 1.40657150206e-05
0.679061575682 0.211227856546 0.0416736995242 0.0130278661908 0.0550019692001 7.03285751029e-06
0.166666666667 0.166666666667 0.166666666667 0.166666666667 0.166666666667 0.166666666667
0.0416666666667 0.0416666666667 0.291666666667 0.291666666667 0.0416666666667 0.291666666667
0.347222222222 0.0138888888889 0.0972222222222 0.0972222222222 0.347222222222 0.0972222222222
0.115740740741 0.337962962963 0.0324074074074 0.0324074074074 0.449074074074 0.0324074074074
0.0385802469136 0.445987654321 0.0108024691358 0.0108024691358 0.483024691358 0.0108024691358
0.519290123457 0.22299382716 0.0054012345679 0.0054012345679 0.241512345679 0.0054012345679
0.759645061728 0.11149691358 0.00270061728395 0.00270061728395 0.12075617284 0.00270061728395
0.189911265432 0.277874228395 0.000675154320988 0.250675154321 0.28018904321 0.000675154320988
0.297477816358 0.0694685570988 0.000168788580247 0.31266878858 0.320047260802 0.000168788580247
0.0743694540895 0.267367139275 0.250042197145 0.0781671971451 0.330011815201 4.21971450617e-05
0.358123151363 0.422455713092 0.0833473990484 0.0260557323817 0.1100039384 1.40657150206e-05
0.679061575682 0.211227856546 0.0416736995242 0.0130278661908 0.0550019692001 7.03285751029e-06
