Price Resolution OpticalZoom DigitalZoom Weight StorageIncluded
0.166666666667 0.166666666667 0.166666666667 0.166666666667 0.166666666667 0.166666666667
0.190476190476 0.190476190476 0.190476190476 0.190476190476 0.190476190476 0.047619047619
0.280701754386 0.280701754386 0.0701754385965 0.0701754385965 0.280701754386 0.0175438596491
0.609523809524 0.152380952381 0.0380952380952 0.0380952380952 0.152380952381 0.00952380952381
0.861952861953 0.0538720538721 0.013468013468 0.013468013468 0.0538720538721 0.003367003367
0.920035938904 0.0575022461815 0.00359389038634 0.00359389038634 0.0143755615454 0.000898472596586
0.756836659276 0.189209164819 0.0029563932003 0.0029563932003 0.0473022912047 0.000739098300074
0.440430107527 0.440430107527 0.00172043010753 0.00688172043011 0.110107526882 0.000430107526882
0.440430107527 0.440430107527 0.00172043010753 0.00688172043011 0.110107526882 0.000430107526882
0.442858687426 0.442858687426 0.00172991674776 0.00172991674776 0.110714671856 0.000108119796735
0.331150456787 0.331150456787 0.00129355647182 0.0051742258873 0.331150456787 8.0847279489e-05
0.166119154804 0.664476619216 0.000648902948453 0.00259561179381 0.166119154804 4.05564342783e-05
0.332784920683 0.332784920683 0.000324985274105 0.00129994109642 0.332784920683 2.03115796315e-05
0.444200437856 0.111050109464 0.000108447372524 0.000433789490094 0.444200437856 6.77796078272e-06
0.166666666667 0.166666666667 0.166666666667 0.166666666667 0.166666666667 0.166666666667
0.0666666666667 0.266666666667 0.266666666667 0.0666666666667 0.0666666666667 0.266666666667
0.222222222222 0.222222222222 0.222222222222 0.0555555555556 0.0555555555556 0.222222222222
0.355555555556 0.0888888888889 0.355555555556 0.0222222222222 0.0888888888889 0.0888888888889
0.688172043011 0.0430107526882 0.172043010753 0.010752688172 0.0430107526882 0.0430107526882
0.666666666667 0.0416666666667 0.166666666667 0.0416666666667 0.0416666666667 0.0416666666667
0.820512820513 0.0128205128205 0.0512820512821 0.0512820512821 0.0512820512821 0.0128205128205
0.711111111111 0.0111111111111 0.0444444444444 0.0444444444444 0.177777777778 0.0111111111111
0.387878787879 0.0242424242424 0.0969696969697 0.0969696969697 0.387878787879 0.00606060606061
0.717086834734 0.0112044817927 0.0448179271709 0.0448179271709 0.179271708683 0.00280112044818
0.693766937669 0.0433604336043 0.0433604336043 0.0433604336043 0.173441734417 0.00271002710027
0.77050413845 0.0120391271633 0.0120391271633 0.0120391271633 0.192626034612 0.000752445447705
0.910222222222 0.0142222222222 0.00355555555556 0.0142222222222 0.0568888888889 0.000888888888889
0.872975277067 0.0545609548167 0.00341005967604 0.0136402387042 0.0545609548167 0.000852514919011
0.657675016057 0.164418754014 0.00256904303147 0.0102761721259 0.164418754014 0.000642260757868
0.884856340462 0.0553035212789 0.000864117519983 0.00345647007993 0.0553035212789 0.000216029379996
0.752249770432 0.188062442608 0.000734618916437 0.011753902663 0.047015610652 0.000183654729109
0.88557375277 0.0553483595481 0.000216204529485 0.00345927247176 0.0553483595481 5.40511323712e-05
0.88557375277 0.0553483595481 0.000216204529485 0.00345927247176 0.0553483595481 5.40511323712e-05
0.887913398095 0.0554945873809 0.000216775731957 0.000867102927827 0.0554945873809 1.35484832473e-05
0.759494257669 0.0474683911043 0.000185423402751 0.00296677444402 0.189873564417 1.1588962672e-05
0.166666666667 0.166666666667 0.166666666667 0.166666666667 0.166666666667 0.166666666667
0.166666666667 0.166666666667 0.166666666667 0.166666666667 0.166666666667 0.166666666667
0.0666666666667 0.0666666666667 0.266666666667 0.266666666667 0.0666666666667 0.266666666667
0.190476190476 0.047619047619 0.190476190476 0.190476190476 0.190476190476 0.190476190476
0.111111111111 0.111111111111 0.111111111111 0.111111111111 0.444444444444 0.111111111111
0.0416666666667 0.166666666667 0.0416666666667 0.0416666666667 0.666666666667 0.0416666666667
0.148148148148 0.148148148148 0.037037037037 0.037037037037 0.592592592593 0.037037037037
0.0952380952381 0.380952380952 0.0238095238095 0.0952380952381 0.380952380952 0.0238095238095
0.0701754385965 0.280701754386 0.0701754385965 0.280701754386 0.280701754386 0.0175438596491
0.0969696969697 0.0969696969697 0.0242424242424 0.387878787879 0.387878787879 0.00606060606061
0.0383693045564 0.153477218225 0.0383693045564 0.153477218225 0.613908872902 0.00239808153477
0.137634408602 0.137634408602 0.0344086021505 0.137634408602 0.550537634409 0.00215053763441
0.166666666667 0.166666666667 0.166666666667 0.166666666667 0.166666666667 0.166666666667
0.0666666666667 0.0666666666667 0.266666666667 0.266666666667 0.0666666666667 0.266666666667
0.190476190476 0.047619047619 0.190476190476 0.190476190476 0.190476190476 0.190476190476
0.111111111111 0.111111111111 0.111111111111 0.111111111111 0.444444444444 0.111111111111
0.0416666666667 0.166666666667 0.0416666666667 0.0416666666667 0.666666666667 0.0416666666667
0.148148148148 0.148148148148 0.037037037037 0.037037037037 0.592592592593 0.037037037037
0.0952380952381 0.380952380952 0.0238095238095 0.0952380952381 0.380952380952 0.0238095238095
0.0701754385965 0.280701754386 0.0701754385965 0.280701754386 0.280701754386 0.0175438596491
0.0969696969697 0.0969696969697 0.0242424242424 0.387878787879 0.387878787879 0.00606060606061
0.0383693045564 0.153477218225 0.0383693045564 0.153477218225 0.613908872902 0.00239808153477
0.137634408602 0.137634408602 0.0344086021505 0.137634408602 0.550537634409 0.00215053763441
