Price Resolution OpticalZoom DigitalZoom Weight StorageIncluded
0.166666666667 0.166666666667 0.166666666667 0.166666666667 0.166666666667 0.166666666667
0.0666666666667 0.266666666667 0.266666666667 0.0666666666667 0.0666666666667 0.266666666667
0.222222222222 0.222222222222 0.222222222222 0.0555555555556 0.0555555555556 0.222222222222
0.355555555556 0.355555555556 0.0888888888889 0.0222222222222 0.0888888888889 0.0888888888889
0.609523809524 0.152380952381 0.0380952380952 0.00952380952381 0.152380952381 0.0380952380952
0.742028985507 0.0463768115942 0.0115942028986 0.00289855072464 0.185507246377 0.0115942028986
0.437606837607 0.109401709402 0.00683760683761 0.0017094017094 0.437606837607 0.00683760683761
0.166666666667 0.166666666667 0.166666666667 0.166666666667 0.166666666667 0.166666666667
0.222222222222 0.0555555555556 0.222222222222 0.222222222222 0.0555555555556 0.222222222222
0.484848484848 0.030303030303 0.121212121212 0.121212121212 0.121212121212 0.121212121212
0.609523809524 0.00952380952381 0.0380952380952 0.152380952381 0.152380952381 0.0380952380952
0.592592592593 0.037037037037 0.037037037037 0.148148148148 0.148148148148 0.037037037037
0.380952380952 0.0952380952381 0.0238095238095 0.0952380952381 0.380952380952 0.0238095238095
0.627450980392 0.156862745098 0.00980392156863 0.0392156862745 0.156862745098 0.00980392156863
0.87074829932 0.0544217687075 0.00340136054422 0.0136054421769 0.0544217687075 0.00340136054422
0.636815920398 0.1592039801 0.00248756218905 0.0398009950249 0.1592039801 0.00248756218905
0.751835535977 0.0469897209985 0.000734214390602 0.0117474302496 0.187958883994 0.000734214390602
0.47015610652 0.0293847566575 0.000459136822773 0.0293847566575 0.47015610652 0.000459136822773
0.432067510549 0.0270042194093 0.00042194092827 0.108016877637 0.432067510549 0.00042194092827
0.431521281079 0.0269700800674 0.00168563000421 0.10788032027 0.431521281079 0.000421407501054
0.752249770432 0.011753902663 0.000734618916437 0.047015610652 0.188062442608 0.000183654729109
0.432204284056 0.0270127677535 0.000422074496149 0.108051071014 0.432204284056 0.000105518624037
0.307299872459 0.0768249681146 0.00120039012679 0.307299872459 0.307299872459 7.50243829245e-05
0.306197204156 0.0765493010391 0.00478433131494 0.306197204156 0.306197204156 7.4755176796e-05
0.142534015381 0.142534015381 0.00222709399033 0.142534015381 0.570136061523 3.47983435988e-05
0.181687126429 0.0454217816073 0.000709715337614 0.0454217816073 0.726748505717 1.10893021502e-05
0.0571299056785 0.0142824764196 0.000223163694057 0.0142824764196 0.914078490856 3.48693271963e-06
0.0571299056785 0.0142824764196 0.000223163694057 0.0142824764196 0.914078490856 3.48693271963e-06
0.188200157944 0.047050039486 0.000183789216742 0.0117625098715 0.752800631775 2.87170651159e-06
0.196913462008 0.0123070913755 4.80745756855e-05 0.00307677284387 0.787653848032 7.51165245086e-07
0.196920562162 0.0123075351351 1.20190772804e-05 0.00307688378379 0.787682248649 7.51192330026e-07
0.0577614783046 0.0144403695762 3.52548085355e-06 0.00361009239404 0.924183652874 8.81370213389e-07
0.196922337281 0.0123076460801 3.00479640626e-06 0.00307691152001 0.787689349124 7.51199101566e-07
0.19922160063 0.00311283750984 7.59970095177e-07 0.000778209377461 0.79688640252 1.89992523794e-07
0.058756008326 0.000918062630094 2.241363843e-07 0.000229515657523 0.940096133216 5.60340960751e-08
0.166666666667 0.166666666667 0.166666666667 0.166666666667 0.166666666667 0.166666666667
0.166666666667 0.166666666667 0.166666666667 0.166666666667 0.166666666667 0.166666666667
0.0666666666667 0.0666666666667 0.266666666667 0.266666666667 0.0666666666667 0.266666666667
0.0555555555556 0.0555555555556 0.222222222222 0.222222222222 0.222222222222 0.222222222222
0.0833333333333 0.0833333333333 0.0833333333333 0.333333333333 0.333333333333 0.0833333333333
0.266666666667 0.0666666666667 0.0666666666667 0.266666666667 0.266666666667 0.0666666666667
0.592592592593 0.037037037037 0.037037037037 0.148148148148 0.148148148148 0.037037037037
0.533333333333 0.133333333333 0.0333333333333 0.133333333333 0.133333333333 0.0333333333333
0.242424242424 0.242424242424 0.0151515151515 0.242424242424 0.242424242424 0.0151515151515
0.140350877193 0.140350877193 0.00877192982456 0.140350877193 0.561403508772 0.00877192982456
0.387878787879 0.0969696969697 0.0242424242424 0.0969696969697 0.387878787879 0.00606060606061
0.420361247947 0.0262725779967 0.0262725779967 0.105090311987 0.420361247947 0.00164203612479
0.166666666667 0.166666666667 0.166666666667 0.166666666667 0.166666666667 0.166666666667
0.0666666666667 0.0666666666667 0.266666666667 0.266666666667 0.0666666666667 0.266666666667
0.0555555555556 0.0555555555556 0.222222222222 0.222222222222 0.222222222222 0.222222222222
0.0833333333333 0.0833333333333 0.0833333333333 0.333333333333 0.333333333333 0.0833333333333
0.266666666667 0.0666666666667 0.0666666666667 0.266666666667 0.266666666667 0.0666666666667
0.592592592593 0.037037037037 0.037037037037 0.148148148148 0.148148148148 0.037037037037
0.533333333333 0.133333333333 0.0333333333333 0.133333333333 0.133333333333 0.0333333333333
0.242424242424 0.242424242424 0.0151515151515 0.242424242424 0.242424242424 0.0151515151515
0.140350877193 0.140350877193 0.00877192982456 0.140350877193 0.561403508772 0.00877192982456
0.387878787879 0.0969696969697 0.0242424242424 0.0969696969697 0.387878787879 0.00606060606061
0.420361247947 0.0262725779967 0.0262725779967 0.105090311987 0.420361247947 0.00164203612479
