Price Resolution OpticalZoom DigitalZoom Weight StorageIncluded
0.166666666667 0.166666666667 0.166666666667 0.166666666667 0.166666666667 0.166666666667
0.166666666667 0.166666666667 0.166666666667 0.166666666667 0.166666666667 0.166666666667
0.166666666667 0.166666666667 0.166666666667 0.166666666667 0.166666666667 0.166666666667
0.166666666667 0.166666666667 0.166666666667 0.166666666667 0.166666666667 0.166666666667
0.0555555555556 0.222222222222 0.222222222222 0.222222222222 0.0555555555556 0.222222222222
0.190476190476 0.190476190476 0.190476190476 0.190476190476 0.047619047619 0.190476190476
0.166666666667 0.166666666667 0.166666666667 0.166666666667 0.166666666667 0.166666666667
0.222222222222 0.0555555555556 0.222222222222 0.222222222222 0.222222222222 0.0555555555556
0.380952380952 0.0238095238095 0.0952380952381 0.0952380952381 0.380952380952 0.0238095238095
0.172043010753 0.0430107526882 0.0430107526882 0.0430107526882 0.688172043011 0.010752688172
0.418300653595 0.104575163399 0.0261437908497 0.0261437908497 0.418300653595 0.00653594771242
0.742028985507 0.0463768115942 0.0115942028986 0.0115942028986 0.185507246377 0.00289855072464
0.613908872902 0.153477218225 0.0383693045564 0.0383693045564 0.153477218225 0.00239808153477
0.550537634409 0.137634408602 0.0344086021505 0.137634408602 0.137634408602 0.00215053763441
0.718596491228 0.0449122807018 0.0112280701754 0.0449122807018 0.179649122807 0.000701754385965
0.615015015015 0.153753753754 0.0384384384384 0.0384384384384 0.153753753754 0.000600600600601
0.744050862852 0.0465031789282 0.0116257947321 0.0116257947321 0.186012715713 0.000181653042688
0.652957117806 0.163239279452 0.0102024549657 0.0102024549657 0.163239279452 0.000159413358839
0.757361438543 0.0473350899089 0.00295844311931 0.00295844311931 0.189340359636 4.62256737392e-05
0.663185589962 0.16579639749 0.00259056871079 0.00259056871079 0.16579639749 4.04776361061e-05
0.440607771951 0.440607771951 0.00688449643674 0.00172112410918 0.110151942988 2.6892564206e-05
0.189340359636 0.757361438543 0.00295844311931 0.00295844311931 0.0473350899089 4.62256737392e-05
0.438344436418 0.438344436418 0.00684913181903 0.00684913181903 0.109586109105 2.67544211681e-05
0.658091077974 0.164522769493 0.0102826730933 0.00257066827333 0.164522769493 1.00416729427e-05
0.759078602557 0.0474424126598 0.00296515079124 0.000741287697809 0.189769650639 2.89565506957e-06
0.664501884678 0.16612547117 0.00259571048703 0.000648927621756 0.16612547117 2.53487352249e-06
0.887347602643 0.0554592251652 0.000866550393206 0.000866550393206 0.0554592251652 8.46240618365e-07
0.9258587468 0.057866171675 0.000904158932421 0.000904158932421 0.0144665429187 2.20741926861e-07
0.787086708563 0.196771677141 0.00307455745532 0.000768639363831 0.0122982298213 1.87656094685e-07
0.926487168923 0.0579054480577 0.000904772625901 0.000226193156475 0.0144763620144 5.52229385926e-08
0.787086708563 0.196771677141 0.00307455745532 0.000768639363831 0.0122982298213 1.87656094685e-07
