Price Resolution OpticalZoom DigitalZoom Weight StorageIncluded
0.166666666667 0.166666666667 0.166666666667 0.166666666667 0.166666666667 0.166666666667
0.266666666667 0.0666666666667 0.266666666667 0.266666666667 0.0666666666667 0.0666666666667
0.533333333333 0.0333333333333 0.133333333333 0.133333333333 0.133333333333 0.0333333333333
0.627450980392 0.00980392156863 0.0392156862745 0.156862745098 0.156862745098 0.00980392156863
0.627450980392 0.00980392156863 0.0392156862745 0.156862745098 0.156862745098 0.00980392156863
0.561403508772 0.00877192982456 0.140350877193 0.140350877193 0.140350877193 0.00877192982456
0.636815920398 0.00248756218905 0.0398009950249 0.1592039801 0.1592039801 0.00248756218905
0.751835535977 0.000734214390602 0.0117474302496 0.0469897209985 0.187958883994 0.000734214390602
0.750183150183 0.0029304029304 0.0117216117216 0.0468864468864 0.187545787546 0.000732600732601
0.477389277389 0.00745920745921 0.00745920745921 0.0298368298368 0.477389277389 0.0004662004662
0.777967711301 0.0121557454891 0.00303893637227 0.0121557454891 0.194491927825 0.000189933523267
0.777967711301 0.0121557454891 0.00303893637227 0.0121557454891 0.194491927825 0.000189933523267
0.770939205722 0.0120459250894 0.0120459250894 0.0120459250894 0.19273480143 0.000188217579522
0.718596491228 0.0449122807018 0.0449122807018 0.0112280701754 0.179649122807 0.000701754385965
0.777967711301 0.0121557454891 0.0121557454891 0.00303893637227 0.194491927825 0.000189933523267
0.750595565329 0.0469122228331 0.0117280557083 0.00293201392707 0.187648891332 0.000183250870442
0.913419189385 0.0142721748341 0.0142721748341 0.000892010927134 0.0570886993366 5.57506829459e-05
0.873673545566 0.0546045965979 0.0136511491495 0.00341278728737 0.0546045965979 5.33248013651e-05
0.750595565329 0.0469122228331 0.0117280557083 0.00293201392707 0.187648891332 0.000183250870442
0.779856252082 0.0121852539388 0.0121852539388 0.000761578371174 0.194964063021 4.75986481984e-05
0.752249770432 0.047015610652 0.011753902663 0.000734618916437 0.188062442608 0.000183654729109
0.166666666667 0.166666666667 0.166666666667 0.166666666667 0.166666666667 0.166666666667
0.266666666667 0.0666666666667 0.266666666667 0.266666666667 0.0666666666667 0.0666666666667
0.190476190476 0.190476190476 0.190476190476 0.190476190476 0.190476190476 0.047619047619
0.355555555556 0.0888888888889 0.0888888888889 0.0888888888889 0.355555555556 0.0222222222222
0.280701754386 0.280701754386 0.0701754385965 0.0701754385965 0.280701754386 0.0175438596491
0.104575163399 0.418300653595 0.0261437908497 0.0261437908497 0.418300653595 0.00653594771242
0.318407960199 0.318407960199 0.0199004975124 0.0199004975124 0.318407960199 0.00497512437811
0.428810720268 0.428810720268 0.0268006700168 0.00670016750419 0.107202680067 0.00167504187605
0.657675016057 0.164418754014 0.0102761721259 0.00256904303147 0.164418754014 0.000642260757868
0.32477006026 0.32477006026 0.0202981287663 0.00507453219156 0.32477006026 0.000317158261973
0.329870339051 0.329870339051 0.00515422404768 0.00515422404768 0.329870339051 8.05347507449e-05
0.16579639749 0.16579639749 0.00259056871079 0.00259056871079 0.663185589962 4.04776361061e-05
0.16579639749 0.16579639749 0.00259056871079 0.00259056871079 0.663185589962 4.04776361061e-05
0.442894601681 0.11072365042 0.00173005703782 0.00173005703782 0.442894601681 2.70321412159e-05
0.332460786104 0.332460786104 0.00129867494572 0.00129867494572 0.332460786104 2.02917960269e-05
0.110869756457 0.443479025829 0.00173233994465 0.000433084986162 0.443479025829 6.76695290877e-06
0.166666666667 0.166666666667 0.166666666667 0.166666666667 0.166666666667 0.166666666667
0.222222222222 0.0555555555556 0.222222222222 0.222222222222 0.222222222222 0.0555555555556
0.380952380952 0.0238095238095 0.0952380952381 0.0952380952381 0.380952380952 0.0238095238095
0.355555555556 0.0888888888889 0.0888888888889 0.0888888888889 0.355555555556 0.0222222222222
0.387878787879 0.0969696969697 0.0969696969697 0.0242424242424 0.387878787879 0.00606060606061
0.179271708683 0.0448179271709 0.0448179271709 0.0112044817927 0.717086834734 0.00280112044818
0.0562884784521 0.014072119613 0.014072119613 0.014072119613 0.900615655233 0.000879507475814
0.179649122807 0.0449122807018 0.0449122807018 0.0112280701754 0.718596491228 0.000701754385965
0.466940264478 0.0291837665299 0.0291837665299 0.00729594163247 0.466940264478 0.000455996352029
0.187648891332 0.0469122228331 0.0117280557083 0.00293201392707 0.750595565329 0.000183250870442
0.163239279452 0.163239279452 0.0102024549657 0.0102024549657 0.652957117806 0.000159413358839
0.187674684994 0.0469186712486 0.00293241695304 0.0117296678121 0.750698739977 4.58190148912e-05
0.159594778882 0.159594778882 0.00249366842003 0.0398986947204 0.638379115527 3.89635690629e-05
0.158409714971 0.158409714971 0.00990060718568 0.0396024287427 0.633638859883 3.8674246819e-05
0.181301109894 0.0453252774735 0.00283282984209 0.0453252774735 0.725204439576 1.10657415707e-05
0.0524588484284 0.0524588484284 0.00327867802677 0.0524588484284 0.839341574854 3.20183401052e-06
0.0449436969373 0.179774787749 0.0112359242343 0.0449436969373 0.719099150996 2.74314556502e-06
0.158414309886 0.158414309886 0.0099008943679 0.0396035774716 0.633657239546 9.66884215615e-06
0.0975603946718 0.390241578687 0.024390098668 0.0975603946718 0.390241578687 5.95461393261e-06
0.0449436969373 0.179774787749 0.0112359242343 0.0449436969373 0.719099150996 2.74314556502e-06
0.0540540094703 0.0540540094703 0.0135135023676 0.0135135023676 0.864864151525 8.2479872849e-07
0.0465115948972 0.186046379589 0.0116278987243 0.0116278987243 0.744185518355 7.09710615497e-07
0.153846063558 0.153846063558 0.0384615158894 0.0384615158894 0.61538425423 5.8687615798e-07
0.186046478618 0.0465116196545 0.0116279049136 0.0116279049136 0.744185914472 1.77427748316e-07
0.196319009216 0.012269938076 0.003067484519 0.003067484519 0.785276036864 4.68060992279e-08
0.0578661836501 0.0144665459125 0.000904159119533 0.000904159119533 0.925858938402 1.37963732839e-08
0.197226499993 0.0123266562495 0.000770416015597 0.000770416015597 0.788905999971 1.17556154724e-08
0.190193156309 0.0475482890772 0.000742942016831 0.000742942016831 0.760772625235 4.5345582082e-08
0.19040535299 0.0476013382474 0.000185942727529 0.000185942727529 0.761621411959 1.13490434283e-08
0.19751181348 0.0123444883425 4.82206575879e-05 4.82206575879e-05 0.790047253919 2.94315537035e-09
0.166666666667 0.166666666667 0.166666666667 0.166666666667 0.166666666667 0.166666666667
0.0666666666667 0.266666666667 0.266666666667 0.0666666666667 0.0666666666667 0.266666666667
0.121212121212 0.121212121212 0.484848484848 0.030303030303 0.121212121212 0.121212121212
0.0701754385965 0.280701754386 0.280701754386 0.0175438596491 0.280701754386 0.0701754385965
0.231884057971 0.231884057971 0.231884057971 0.0144927536232 0.231884057971 0.0579710144928
0.222222222222 0.222222222222 0.222222222222 0.0555555555556 0.222222222222 0.0555555555556
0.166666666667 0.166666666667 0.166666666667 0.166666666667 0.166666666667 0.166666666667
0.0833333333333 0.0833333333333 0.333333333333 0.333333333333 0.0833333333333 0.0833333333333
0.222222222222 0.0555555555556 0.222222222222 0.222222222222 0.222222222222 0.0555555555556
0.296296296296 0.0185185185185 0.0740740740741 0.296296296296 0.296296296296 0.0185185185185
0.296296296296 0.0185185185185 0.0740740740741 0.296296296296 0.296296296296 0.0185185185185
0.561403508772 0.00877192982456 0.140350877193 0.140350877193 0.140350877193 0.00877192982456
0.387878787879 0.0242424242424 0.0969696969697 0.0969696969697 0.387878787879 0.00606060606061
0.166666666667 0.166666666667 0.166666666667 0.166666666667 0.166666666667 0.166666666667
0.0666666666667 0.266666666667 0.266666666667 0.0666666666667 0.0666666666667 0.266666666667
0.121212121212 0.121212121212 0.484848484848 0.030303030303 0.121212121212 0.121212121212
0.0701754385965 0.280701754386 0.280701754386 0.0175438596491 0.280701754386 0.0701754385965
0.231884057971 0.231884057971 0.231884057971 0.0144927536232 0.231884057971 0.0579710144928
0.222222222222 0.222222222222 0.222222222222 0.0555555555556 0.222222222222 0.0555555555556
0.166666666667 0.166666666667 0.166666666667 0.166666666667 0.166666666667 0.166666666667
0.0666666666667 0.266666666667 0.266666666667 0.266666666667 0.0666666666667 0.0666666666667
0.190476190476 0.190476190476 0.190476190476 0.190476190476 0.190476190476 0.047619047619
0.280701754386 0.0701754385965 0.0701754385965 0.280701754386 0.280701754386 0.0175438596491
0.152380952381 0.0380952380952 0.0380952380952 0.152380952381 0.609523809524 0.00952380952381
0.179271708683 0.0448179271709 0.0112044817927 0.0448179271709 0.717086834734 0.00280112044818
0.153477218225 0.0383693045564 0.0383693045564 0.153477218225 0.613908872902 0.00239808153477
0.166666666667 0.166666666667 0.166666666667 0.166666666667 0.166666666667 0.166666666667
0.266666666667 0.0666666666667 0.0666666666667 0.266666666667 0.266666666667 0.0666666666667
0.222222222222 0.0555555555556 0.222222222222 0.222222222222 0.222222222222 0.0555555555556
0.533333333333 0.0333333333333 0.133333333333 0.133333333333 0.133333333333 0.0333333333333
0.355555555556 0.0888888888889 0.355555555556 0.0888888888889 0.0888888888889 0.0222222222222
0.688172043011 0.0430107526882 0.172043010753 0.0430107526882 0.0430107526882 0.010752688172
0.496124031008 0.124031007752 0.124031007752 0.124031007752 0.124031007752 0.0077519379845
0.613908872902 0.0383693045564 0.153477218225 0.0383693045564 0.153477218225 0.00239808153477
0.718596491228 0.0112280701754 0.0449122807018 0.0449122807018 0.179649122807 0.000701754385965
0.466940264478 0.00729594163247 0.0291837665299 0.0291837665299 0.466940264478 0.000455996352029
0.429350104822 0.00670859538784 0.107337526205 0.0268343815514 0.429350104822 0.00041928721174
0.469670909299 0.00183465198945 0.0293544318312 0.0293544318312 0.469670909299 0.000114665749341
0.188088350094 0.000734720117555 0.0117555218809 0.0470220875235 0.752353400377 4.59200073472e-05
0.0577088352565 0.000901700550883 0.00360680220353 0.0144272088141 0.923341364104 1.40890711075e-05
0.196316666068 0.00306744790731 0.00306744790731 0.0122697916292 0.78526666427 1.19822183879e-05
0.192768816255 0.012048051016 0.012048051016 0.012048051016 0.771075265022 1.17656748203e-05
0.198141815796 0.00309596587181 0.00309596587181 0.00309596587181 0.792567263184 3.02340417169e-06
0.488548707828 0.00763357355981 0.00763357355981 0.00763357355981 0.488548707828 1.86366541987e-06
0.194528297966 0.0121580186229 0.00303950465573 0.0121580186229 0.778113191866 2.96826626536e-06
0.198603418193 0.00310317840927 0.000775794602318 0.00310317840927 0.794413672774 7.57611916326e-07
0.497812111743 0.0019445785615 0.000486144640374 0.0019445785615 0.497812111743 4.74750625365e-07
0.494924850979 0.00773320079654 0.000483325049784 0.00193330019914 0.494924850979 4.7199711893e-07
0.796732001934 0.00311223438255 0.00019451464891 0.000778058595638 0.199183000483 1.89955711826e-07
0.495823691538 0.00774724518028 0.000121050705942 0.000484202823768 0.495823691538 1.18213580021e-07
0.498903761047 0.00194884281659 0.000121802676037 0.000121802676037 0.498903761047 2.97369814543e-08
0.496003860366 0.00775006031822 0.000121094692472 0.000121094692472 0.496003860366 2.95641339044e-08
0.166666666667 0.166666666667 0.166666666667 0.166666666667 0.166666666667 0.166666666667
0.222222222222 0.0555555555556 0.222222222222 0.222222222222 0.0555555555556 0.222222222222
0.166666666667 0.166666666667 0.166666666667 0.166666666667 0.166666666667 0.166666666667
0.333333333333 0.0833333333333 0.0833333333333 0.0833333333333 0.333333333333 0.0833333333333
0.410256410256 0.025641025641 0.102564102564 0.025641025641 0.410256410256 0.025641025641
0.177777777778 0.0444444444444 0.0444444444444 0.0111111111111 0.711111111111 0.0111111111111
0.426666666667 0.106666666667 0.0266666666667 0.00666666666667 0.426666666667 0.00666666666667
0.318407960199 0.318407960199 0.0199004975124 0.0199004975124 0.318407960199 0.00497512437811
0.284444444444 0.284444444444 0.0711111111111 0.0711111111111 0.284444444444 0.00444444444444
0.105090311987 0.420361247947 0.0262725779967 0.0262725779967 0.420361247947 0.00164203612479
0.163161249203 0.163161249203 0.0101975780752 0.0101975780752 0.652644996813 0.0006373486297
0.153753753754 0.153753753754 0.0384384384384 0.0384384384384 0.615015015015 0.000600600600601
0.0465031789282 0.186012715713 0.0116257947321 0.0116257947321 0.744050862852 0.000181653042688
0.0449359311919 0.179743724767 0.0449359311919 0.011233982798 0.71897489907 0.000175530981218
0.0540512008446 0.0540512008446 0.0135128002111 0.0135128002111 0.864819213513 5.27843758248e-05
0.014084313321 0.0563372532838 0.014084313321 0.014084313321 0.901396052541 1.37542122275e-05
0.011627774939 0.186044399023 0.0465110997559 0.011627774939 0.744177596094 1.13552489638e-05
0.011627774939 0.186044399023 0.0465110997559 0.011627774939 0.744177596094 1.13552489638e-05
0.0112358317698 0.179773308316 0.044943327079 0.044943327079 0.719093233264 1.09724919626e-05
0.0263156204023 0.421049926437 0.105262481609 0.0263156204023 0.421049926437 6.42471201228e-06
0.0285713787469 0.45714205995 0.0285713787469 0.0285713787469 0.45714205995 1.74385856609e-06
0.012048157332 0.192770517312 0.012048157332 0.012048157332 0.771082069247 2.94144466113e-06
0.0143884765726 0.0575539062905 0.00359711914315 0.00359711914315 0.920862500648 8.78202915809e-07
0.0551723673455 0.0551723673455 0.00344827295909 0.00344827295909 0.882757877527 8.41863515403e-07
0.0473372439144 0.189348975657 0.00295857774465 0.00295857774465 0.75739590263 7.22309019689e-07
0.16580300394 0.16580300394 0.00259067193656 0.00259067193656 0.663212015759 6.32488265761e-07
0.047442541451 0.189770165804 0.000741289710171 0.00296515884069 0.759080663215 1.80978933147e-07
0.0144763620144 0.0579054480577 0.000226193156475 0.000904772625901 0.926487168923 5.52229385926e-08
0.166666666667 0.166666666667 0.166666666667 0.166666666667 0.166666666667 0.166666666667
0.0666666666667 0.266666666667 0.266666666667 0.266666666667 0.0666666666667 0.0666666666667
0.190476190476 0.190476190476 0.190476190476 0.190476190476 0.190476190476 0.047619047619
0.280701754386 0.0701754385965 0.0701754385965 0.280701754386 0.280701754386 0.0175438596491
0.152380952381 0.0380952380952 0.0380952380952 0.152380952381 0.609523809524 0.00952380952381
0.387878787879 0.0242424242424 0.0969696969697 0.0969696969697 0.387878787879 0.00606060606061
0.173441734417 0.0433604336043 0.0433604336043 0.0433604336043 0.693766937669 0.00271002710027
