Price Resolution OpticalZoom DigitalZoom Weight StorageIncluded
0.166666666667 0.166666666667 0.166666666667 0.166666666667 0.166666666667 0.166666666667
0.0416666666667 0.291666666667 0.291666666667 0.0416666666667 0.0416666666667 0.291666666667
0.260416666667 0.0729166666667 0.322916666667 0.0104166666667 0.260416666667 0.0729166666667
0.0868055555556 0.357638888889 0.107638888889 0.00347222222222 0.420138888889 0.0243055555556
0.0434027777778 0.678819444444 0.0538194444444 0.00173611111111 0.210069444444 0.0121527777778
0.0434027777778 0.678819444444 0.0538194444444 0.00173611111111 0.210069444444 0.0121527777778
0.166666666667 0.166666666667 0.166666666667 0.166666666667 0.166666666667 0.166666666667
0.0416666666667 0.291666666667 0.291666666667 0.0416666666667 0.0416666666667 0.291666666667
0.260416666667 0.0729166666667 0.322916666667 0.0104166666667 0.260416666667 0.0729166666667
0.0868055555556 0.357638888889 0.107638888889 0.00347222222222 0.420138888889 0.0243055555556
0.0434027777778 0.678819444444 0.0538194444444 0.00173611111111 0.210069444444 0.0121527777778
0.0434027777778 0.678819444444 0.0538194444444 0.00173611111111 0.210069444444 0.0121527777778
0.166666666667 0.166666666667 0.166666666667 0.166666666667 0.166666666667 0.166666666667
0.194444444444 0.194444444444 0.0277777777778 0.194444444444 0.194444444444 0.194444444444
0.0972222222222 0.0972222222222 0.513888888889 0.0972222222222 0.0972222222222 0.0972222222222
0.0972222222222 0.0972222222222 0.513888888889 0.0972222222222 0.0972222222222 0.0972222222222
0.365740740741 0.0324074074074 0.171296296296 0.0324074074074 0.365740740741 0.0324074074074
0.18287037037 0.0162037037037 0.0856481481481 0.0162037037037 0.68287037037 0.0162037037037
0.0914351851852 0.508101851852 0.0428240740741 0.00810185185185 0.341435185185 0.00810185185185
0.272858796296 0.377025462963 0.0107060185185 0.00202546296296 0.335358796296 0.00202546296296
0.424286265432 0.125675154321 0.00356867283951 0.000675154320988 0.445119598765 0.000675154320988
0.141428755144 0.041891718107 0.334522890947 0.333558384774 0.148373199588 0.000225051440329
0.0471429183813 0.347297239369 0.111507630316 0.111186128258 0.382791066529 7.50171467764e-05
0.0157143061271 0.44909907979 0.370502543439 0.0370620427526 0.127597022176 2.50057155921e-05
0.338571435376 0.149699693263 0.123500847813 0.0123540142509 0.375865674059 8.33523853071e-06
0.446190478459 0.0498998977544 0.0411669492709 0.00411800475029 0.458621891353 2.77841284357e-06
0.223095239229 0.524949948877 0.0205834746355 0.00205900237515 0.229310945676 1.38920642179e-06
0.0743650797431 0.174983316292 0.340194491545 0.000686334125049 0.409770315225 4.63068807262e-07
0.268591269936 0.293745829073 0.335048622886 0.000171583531262 0.102442578806 1.15767201815e-07
0.422863756645 0.0979152763577 0.111682874295 5.71945104207e-05 0.367480859602 3.85890672718e-08
0.105715939161 0.274478819089 0.0279207185739 0.250014298628 0.341870214901 9.64726681795e-09
0.0264289847903 0.318619704772 0.00698017964346 0.312503574657 0.335467553725 2.41181670449e-09
0.513214492395 0.159309852386 0.00349008982173 0.156251787328 0.167733776863 1.20590835224e-09
0.256607246198 0.0796549261931 0.00174504491087 0.0781258936642 0.583866888431 6.02954176122e-10
0.128303623099 0.0398274630965 0.000872522455433 0.0390629468321 0.791933444216 3.01477088061e-10
0.282075905775 0.259956865774 0.000218130613858 0.259765736708 0.197983361054 7.53692720153e-11
0.166666666667 0.166666666667 0.166666666667 0.166666666667 0.166666666667 0.166666666667
0.0555555555556 0.0555555555556 0.388888888889 0.388888888889 0.0555555555556 0.0555555555556
0.263888888889 0.263888888889 0.0972222222222 0.0972222222222 0.263888888889 0.0138888888889
0.087962962963 0.421296296296 0.0324074074074 0.0324074074074 0.421296296296 0.00462962962963
0.271990740741 0.105324074074 0.258101851852 0.258101851852 0.105324074074 0.00115740740741
0.317997685185 0.0263310185185 0.064525462963 0.314525462963 0.276331018519 0.000289351851852
0.158998842593 0.513165509259 0.0322627314815 0.157262731481 0.138165509259 0.000144675925926
0.0397497106481 0.378291377315 0.25806568287 0.0393156828704 0.284541377315 3.61689814815e-05
0.519874855324 0.189145688657 0.129032841435 0.0196578414352 0.142270688657 1.80844907407e-05
0.506624951775 0.0630485628858 0.376344280478 0.00655261381173 0.0474235628858 6.02816358025e-06
0.126656237944 0.265762140721 0.0940860701196 0.251638153453 0.261855890721 1.50704089506e-06
0.0633281189718 0.132881070361 0.0470430350598 0.125819076726 0.630927945361 7.53520447531e-07
0.0211093729906 0.377627023454 0.0156810116866 0.0419396922422 0.543642648454 2.5117348251e-07
0.0105546864953 0.688813511727 0.0078405058433 0.0209698461211 0.271821324227 1.25586741255e-07
0.252638671624 0.172203377932 0.251960126461 0.00524246153027 0.317955331057 3.13966853138e-08
0.166666666667 0.166666666667 0.166666666667 0.166666666667 0.166666666667 0.166666666667
0.166666666667 0.166666666667 0.166666666667 0.166666666667 0.166666666667 0.166666666667
0.0833333333333 0.0833333333333 0.583333333333 0.0833333333333 0.0833333333333 0.0833333333333
0.0833333333333 0.0833333333333 0.583333333333 0.0833333333333 0.0833333333333 0.0833333333333
0.361111111111 0.0277777777778 0.194444444444 0.0277777777778 0.361111111111 0.0277777777778
0.180555555556 0.0138888888889 0.0972222222222 0.0138888888889 0.680555555556 0.0138888888889
0.0601851851852 0.337962962963 0.365740740741 0.00462962962963 0.226851851852 0.00462962962963
0.212037037037 0.267592592593 0.0731481481481 0.200925925926 0.24537037037 0.000925925925926
0.0424074074074 0.253518518519 0.21462962963 0.240185185185 0.249074074074 0.000185185185185
0.347469135802 0.0845061728395 0.0715432098765 0.0800617283951 0.416358024691 6.17283950617e-05
0.673734567901 0.0422530864198 0.0357716049383 0.0400308641975 0.208179012346 3.08641975309e-05
0.836867283951 0.0211265432099 0.0178858024691 0.0200154320988 0.104089506173 1.54320987654e-05
0.278955761317 0.340375514403 0.00596193415638 0.00667181069959 0.368029835391 5.14403292181e-06
0.0697389403292 0.335093878601 0.00149048353909 0.251667952675 0.342007458848 1.28600823045e-06
0.0139477880658 0.26701877572 0.200298096708 0.250333590535 0.0684014917695 0.200000257202
0.253486947016 0.31675469393 0.050074524177 0.0625833976337 0.267100372942 0.0500000643004
0.417828982339 0.105584897977 0.016691508059 0.0208611325446 0.422366790981 0.0166666881001
0.354457245585 0.276396224494 0.00417287701475 0.00521528313615 0.355591697745 0.00416667202503
0.177228622792 0.138198112247 0.00208643850737 0.502607641568 0.177795848873 0.00208333601252
0.294307155698 0.0345495280618 0.250521609627 0.375651910392 0.0444489622181 0.000520834003129
