Price Resolution OpticalZoom DigitalZoom Weight StorageIncluded
0.166666666667 0.166666666667 0.166666666667 0.166666666667 0.166666666667 0.166666666667
0.222222222222 0.0555555555556 0.222222222222 0.222222222222 0.222222222222 0.0555555555556
0.380952380952 0.0238095238095 0.0952380952381 0.0952380952381 0.380952380952 0.0238095238095
0.463768115942 0.00724637681159 0.0289855072464 0.0289855072464 0.463768115942 0.00724637681159
0.490421455939 0.00191570881226 0.00766283524904 0.00766283524904 0.490421455939 0.00191570881226
0.194381169324 0.00303720577069 0.0121488230828 0.0121488230828 0.777524677297 0.000759301442673
0.192626034612 0.0120391271633 0.0120391271633 0.0120391271633 0.77050413845 0.000752445447705
0.477389277389 0.0298368298368 0.00745920745921 0.00745920745921 0.477389277389 0.0004662004662
0.429350104822 0.107337526205 0.0268343815514 0.00670859538784 0.429350104822 0.00041928721174
0.480243873842 0.0300152421151 0.00750381052878 0.0018759526322 0.480243873842 0.000117247039512
0.483689073894 0.0302305671184 0.0018894104449 0.000472352611224 0.483689073894 2.95220382015e-05
0.442894601681 0.11072365042 0.00173005703782 0.00173005703782 0.442894601681 2.70321412159e-05
0.75738769661 0.0473367310381 0.00295854568988 0.00295854568988 0.189346924153 1.15568191011e-05
0.663185589962 0.16579639749 0.00259056871079 0.00259056871079 0.16579639749 4.04776361061e-05
0.665792975933 0.166448243983 0.000650188453059 0.000650188453059 0.166448243983 1.01591945791e-05
0.444055967747 0.111013991937 0.000433648406003 0.000433648406003 0.444055967747 6.7757563438e-06
0.444055967747 0.111013991937 0.000433648406003 0.000433648406003 0.444055967747 6.7757563438e-06
0.666122880441 0.16653072011 0.00065051062543 0.000162627656358 0.16653072011 2.54105713059e-06
0.888647074627 0.0555404421642 0.000216954852204 5.42387130509e-05 0.0555404421642 8.47479891421e-07
0.888792260397 0.0555495162748 5.42475744871e-05 5.42475744871e-05 0.0555495162748 2.1190458784e-07
0.888828564252 0.0555517852658 1.35624475747e-05 5.42497902986e-05 0.0555517852658 5.29783108385e-08
0.666632733483 0.166658183371 1.01720082624e-05 4.06880330495e-05 0.166658183371 3.97344072749e-08
0.666632733483 0.166658183371 1.01720082624e-05 4.06880330495e-05 0.166658183371 3.97344072749e-08
0.761887038247 0.0476179398905 1.16254736061e-05 1.16254736061e-05 0.190471759562 1.13530015684e-08
0.927519819602 0.0144924971813 3.53820731965e-06 1.41528292786e-05 0.0579699887251 3.45528058559e-09
0.79011154716 0.0123454929244 3.01403635849e-06 1.2056145434e-05 0.19752788679 2.94339488134e-09
0.166666666667 0.166666666667 0.166666666667 0.166666666667 0.166666666667 0.166666666667
0.190476190476 0.190476190476 0.047619047619 0.190476190476 0.190476190476 0.190476190476
0.190476190476 0.190476190476 0.047619047619 0.190476190476 0.190476190476 0.190476190476
0.121212121212 0.121212121212 0.030303030303 0.121212121212 0.484848484848 0.121212121212
0.148148148148 0.037037037037 0.037037037037 0.148148148148 0.592592592593 0.037037037037
0.148148148148 0.037037037037 0.037037037037 0.148148148148 0.592592592593 0.037037037037
0.133333333333 0.133333333333 0.0333333333333 0.133333333333 0.533333333333 0.0333333333333
0.296296296296 0.296296296296 0.0185185185185 0.0740740740741 0.296296296296 0.0185185185185
0.152380952381 0.152380952381 0.00952380952381 0.0380952380952 0.609523809524 0.0380952380952
0.185507246377 0.0463768115942 0.00289855072464 0.0115942028986 0.742028985507 0.0115942028986
0.428810720268 0.107202680067 0.00167504187605 0.00670016750419 0.428810720268 0.0268006700168
0.187545787546 0.0468864468864 0.000732600732601 0.0029304029304 0.750183150183 0.0117216117216
0.166666666667 0.166666666667 0.166666666667 0.166666666667 0.166666666667 0.166666666667
0.190476190476 0.190476190476 0.190476190476 0.190476190476 0.190476190476 0.047619047619
0.0888888888889 0.355555555556 0.0888888888889 0.0888888888889 0.355555555556 0.0222222222222
0.152380952381 0.152380952381 0.0380952380952 0.0380952380952 0.609523809524 0.00952380952381
0.418300653595 0.104575163399 0.0261437908497 0.0261437908497 0.418300653595 0.00653594771242
0.742028985507 0.0463768115942 0.0115942028986 0.0115942028986 0.185507246377 0.00289855072464
0.437606837607 0.109401709402 0.00683760683761 0.00683760683761 0.437606837607 0.0017094017094
0.16569579288 0.16569579288 0.00258899676375 0.00258899676375 0.662783171521 0.000647249190939
0.109965635739 0.439862542955 0.00687285223368 0.00171821305842 0.439862542955 0.00171821305842
0.110822510823 0.44329004329 0.0017316017316 0.0004329004329 0.44329004329 0.0004329004329
0.166504065041 0.166504065041 0.000650406504065 0.000162601626016 0.666016260163 0.000162601626016
0.0555374769498 0.0555374769498 0.000216943269335 5.42358173338e-05 0.888599631196 5.42358173338e-05
0.0555510348008 0.0555510348008 5.42490574226e-05 1.35622643557e-05 0.888816556812 1.35622643557e-05
0.055539736132 0.055539736132 0.000216952094266 5.42380235664e-05 0.888635778112 1.35595058916e-05
0.166666666667 0.166666666667 0.166666666667 0.166666666667 0.166666666667 0.166666666667
0.222222222222 0.222222222222 0.0555555555556 0.222222222222 0.222222222222 0.0555555555556
0.190476190476 0.190476190476 0.190476190476 0.190476190476 0.190476190476 0.047619047619
0.280701754386 0.0701754385965 0.280701754386 0.0701754385965 0.280701754386 0.0175438596491
0.418300653595 0.0261437908497 0.104575163399 0.0261437908497 0.418300653595 0.00653594771242
0.476722532588 0.00744878957169 0.0297951582868 0.00744878957169 0.476722532588 0.00186219739292
0.194381169324 0.0121488230828 0.0121488230828 0.00303720577069 0.777524677297 0.000759301442673
0.187545787546 0.0468864468864 0.0117216117216 0.0029304029304 0.750183150183 0.000732600732601
0.159501557632 0.159501557632 0.0398753894081 0.00249221183801 0.63800623053 0.000623052959502
0.181656909704 0.0454142274259 0.0454142274259 0.00070959730353 0.726627638815 0.000177399325883
0.195075486974 0.0121922179359 0.0121922179359 0.000190503405248 0.780301947897 4.76258513121e-05
0.188088350094 0.0470220875235 0.0117555218809 0.000734720117555 0.752353400377 4.59200073472e-05
0.164835607067 0.164835607067 0.0103022254417 0.000643889090104 0.659342428267 4.02430681315e-05
0.189873564417 0.0474683911043 0.00296677444402 0.000185423402751 0.759494257669 1.1588962672e-05
0.197368460679 0.0123355287924 0.000770970549527 4.81856593455e-05 0.789473842716 3.01160370909e-06
0.495822812343 0.00774723144287 0.000484201965179 0.000121050491295 0.495822812343 1.89141392648e-06
0.197340379483 0.0123337737177 0.000770860857357 0.000192715214339 0.789361517933 7.52793806013e-07
0.166666666667 0.166666666667 0.166666666667 0.166666666667 0.166666666667 0.166666666667
0.166666666667 0.166666666667 0.166666666667 0.166666666667 0.166666666667 0.166666666667
0.166666666667 0.166666666667 0.166666666667 0.166666666667 0.166666666667 0.166666666667
0.111111111111 0.111111111111 0.444444444444 0.111111111111 0.111111111111 0.111111111111
