Price Resolution OpticalZoom DigitalZoom Weight StorageIncluded
0.166666666667 0.166666666667 0.166666666667 0.166666666667 0.166666666667 0.166666666667
0.0555555555556 0.222222222222 0.0555555555556 0.222222222222 0.222222222222 0.222222222222
0.047619047619 0.190476190476 0.190476190476 0.190476190476 0.190476190476 0.190476190476
0.111111111111 0.111111111111 0.111111111111 0.111111111111 0.444444444444 0.111111111111
0.333333333333 0.0833333333333 0.0833333333333 0.0833333333333 0.333333333333 0.0833333333333
0.333333333333 0.0833333333333 0.0833333333333 0.0833333333333 0.333333333333 0.0833333333333
0.266666666667 0.0666666666667 0.0666666666667 0.266666666667 0.266666666667 0.0666666666667
0.380952380952 0.0952380952381 0.0238095238095 0.0952380952381 0.380952380952 0.0238095238095
0.280701754386 0.280701754386 0.0701754385965 0.0701754385965 0.280701754386 0.0175438596491
0.418300653595 0.104575163399 0.0261437908497 0.0261437908497 0.418300653595 0.00653594771242
0.742028985507 0.0463768115942 0.0115942028986 0.0115942028986 0.185507246377 0.00289855072464
0.437606837607 0.109401709402 0.00683760683761 0.00683760683761 0.437606837607 0.0017094017094
0.319600499376 0.319600499376 0.019975031211 0.019975031211 0.319600499376 0.00124843945069
0.429350104822 0.107337526205 0.00670859538784 0.0268343815514 0.429350104822 0.00041928721174
0.319600499376 0.319600499376 0.019975031211 0.019975031211 0.319600499376 0.00124843945069
0.329790660225 0.329790660225 0.00515297906602 0.00515297906602 0.329790660225 0.000322061191626
0.166666666667 0.166666666667 0.166666666667 0.166666666667 0.166666666667 0.166666666667
0.222222222222 0.0555555555556 0.222222222222 0.222222222222 0.222222222222 0.0555555555556
0.380952380952 0.0238095238095 0.0952380952381 0.0952380952381 0.380952380952 0.0238095238095
0.380952380952 0.0238095238095 0.0952380952381 0.0952380952381 0.380952380952 0.0238095238095
0.418300653595 0.0261437908497 0.104575163399 0.0261437908497 0.418300653595 0.00653594771242
0.387878787879 0.0969696969697 0.0969696969697 0.0242424242424 0.387878787879 0.00606060606061
0.245210727969 0.245210727969 0.245210727969 0.0153256704981 0.245210727969 0.00383141762452
0.396899224806 0.0992248062016 0.0992248062016 0.0062015503876 0.396899224806 0.0015503875969
0.63800623053 0.0398753894081 0.159501557632 0.00249221183801 0.159501557632 0.000623052959502
0.875775069489 0.0136839854608 0.0547359418431 0.000855249091298 0.0547359418431 0.000213812272824
0.839172300758 0.0524482687974 0.0524482687974 0.00327801679984 0.0524482687974 0.00020487604999
0.166666666667 0.166666666667 0.166666666667 0.166666666667 0.166666666667 0.166666666667
0.266666666667 0.0666666666667 0.266666666667 0.266666666667 0.0666666666667 0.0666666666667
0.533333333333 0.0333333333333 0.133333333333 0.133333333333 0.133333333333 0.0333333333333
0.627450980392 0.00980392156863 0.0392156862745 0.156862745098 0.156862745098 0.00980392156863
0.418300653595 0.0261437908497 0.0261437908497 0.418300653595 0.104575163399 0.00653594771242
0.166666666667 0.166666666667 0.166666666667 0.166666666667 0.166666666667 0.166666666667
0.166666666667 0.166666666667 0.166666666667 0.166666666667 0.166666666667 0.166666666667
0.0666666666667 0.266666666667 0.266666666667 0.266666666667 0.0666666666667 0.0666666666667
0.190476190476 0.190476190476 0.190476190476 0.190476190476 0.190476190476 0.047619047619
0.280701754386 0.0701754385965 0.0701754385965 0.280701754386 0.280701754386 0.0175438596491
0.280701754386 0.0701754385965 0.0701754385965 0.280701754386 0.280701754386 0.0175438596491
0.166666666667 0.166666666667 0.166666666667 0.166666666667 0.166666666667 0.166666666667
0.266666666667 0.0666666666667 0.0666666666667 0.266666666667 0.266666666667 0.0666666666667
0.222222222222 0.0555555555556 0.222222222222 0.222222222222 0.222222222222 0.0555555555556
0.533333333333 0.0333333333333 0.133333333333 0.133333333333 0.133333333333 0.0333333333333
0.355555555556 0.0888888888889 0.355555555556 0.0888888888889 0.0888888888889 0.0222222222222
0.688172043011 0.0430107526882 0.172043010753 0.0430107526882 0.0430107526882 0.010752688172
0.547008547009 0.034188034188 0.136752136752 0.136752136752 0.136752136752 0.00854700854701
0.693766937669 0.0433604336043 0.0433604336043 0.0433604336043 0.173441734417 0.00271002710027
0.900615655233 0.014072119613 0.014072119613 0.014072119613 0.0562884784521 0.000879507475814
0.864135021097 0.0540084388186 0.0135021097046 0.0135021097046 0.0540084388186 0.00084388185654
0.695179904956 0.173794976239 0.0434487440597 0.0434487440597 0.0434487440597 0.000678886625933
0.831000202881 0.0519375126801 0.01298437817 0.0519375126801 0.0519375126801 0.000202880908906
0.831000202881 0.0519375126801 0.01298437817 0.0519375126801 0.0519375126801 0.000202880908906
0.695534046527 0.173883511632 0.043470877908 0.043470877908 0.043470877908 0.000169808116828
0.864819213513 0.0540512008446 0.0135128002111 0.0135128002111 0.0540512008446 5.27843758248e-05
0.962391882168 0.0150373731589 0.00375934328972 0.00375934328972 0.0150373731589 1.46849347255e-05
0.920850370245 0.0575531481403 0.00359707175877 0.00359707175877 0.0143882870351 1.40510615577e-05
0.967860320695 0.0151228175109 0.000945176094429 0.000945176094429 0.0151228175109 3.69209411886e-06
0.925855681172 0.0144664950183 0.000904155938645 0.000904155938645 0.0578659800733 3.53185913533e-06
0.980372467788 0.0038295799523 0.000239348747019 0.000239348747019 0.0153183198092 9.34956043042e-07
0.925858133672 0.0144665333386 0.000904158333664 0.000904158333664 0.0578661333545 8.82967122719e-07
0.937299561709 0.00366132641293 0.000228832900808 0.000228832900808 0.0585812226068 2.23469629695e-07
0.936656548204 0.00365881464142 0.000228675915089 0.000914703660356 0.0585410342628 2.23316323329e-07
0.939234068034 0.000917220769564 0.000229305192391 0.000917220769564 0.0587021292521 5.59827129861e-08
0.936014416344 0.00365630631385 0.000914076578461 0.000914076578461 0.0585009010215 2.23163227163e-07
0.939880626557 0.000917852174372 0.000229463043593 0.000229463043593 0.0587425391598 5.60212508772e-08
0.798129346287 0.000779423189733 0.000779423189733 0.000779423189733 0.199532336572 4.75722161702e-08
0.799063587832 0.000195083883748 0.000195083883748 0.000780335534993 0.199765896958 1.19069753264e-08
0.797197343586 0.000194628257711 0.000194628257711 0.00311405212338 0.199299335896 1.18791661201e-08
0.796267486664 0.000777604967445 0.000777604967445 0.00311041986978 0.199066871666 1.18653101722e-08
0.166666666667 0.166666666667 0.166666666667 0.166666666667 0.166666666667 0.166666666667
0.0666666666667 0.266666666667 0.266666666667 0.266666666667 0.0666666666667 0.0666666666667
0.190476190476 0.190476190476 0.190476190476 0.190476190476 0.190476190476 0.047619047619
0.280701754386 0.0701754385965 0.0701754385965 0.280701754386 0.280701754386 0.0175438596491
0.280701754386 0.0701754385965 0.0701754385965 0.280701754386 0.280701754386 0.0175438596491
0.166666666667 0.166666666667 0.166666666667 0.166666666667 0.166666666667 0.166666666667
0.190476190476 0.190476190476 0.190476190476 0.190476190476 0.047619047619 0.190476190476
0.444444444444 0.111111111111 0.111111111111 0.111111111111 0.111111111111 0.111111111111
0.266666666667 0.266666666667 0.0666666666667 0.0666666666667 0.266666666667 0.0666666666667
0.266666666667 0.266666666667 0.0666666666667 0.0666666666667 0.266666666667 0.0666666666667
0.148148148148 0.592592592593 0.037037037037 0.037037037037 0.148148148148 0.037037037037
0.355555555556 0.355555555556 0.0888888888889 0.0888888888889 0.0888888888889 0.0222222222222
0.609523809524 0.152380952381 0.0380952380952 0.0380952380952 0.152380952381 0.00952380952381
0.300469483568 0.300469483568 0.018779342723 0.075117370892 0.300469483568 0.00469483568075
0.632098765432 0.158024691358 0.00987654320988 0.0395061728395 0.158024691358 0.00246913580247
0.420361247947 0.420361247947 0.0262725779967 0.0262725779967 0.105090311987 0.00164203612479
0.633271490414 0.158317872604 0.0395794681509 0.00989486703772 0.158317872604 0.000618429189858
0.750595565329 0.0469122228331 0.0117280557083 0.00293201392707 0.187648891332 0.000183250870442
0.638304503662 0.159576125916 0.0398940314789 0.00249337696743 0.159576125916 0.000155836060464
0.750698739977 0.0469186712486 0.0117296678121 0.00293241695304 0.187674684994 4.58190148912e-05
0.477598017782 0.0298498761114 0.00746246902784 0.00746246902784 0.477598017782 2.915026964e-05
0.467139965215 0.029196247826 0.00729906195649 0.029196247826 0.467139965215 2.85119607675e-05
0.166666666667 0.166666666667 0.166666666667 0.166666666667 0.166666666667 0.166666666667
0.0666666666667 0.266666666667 0.266666666667 0.266666666667 0.0666666666667 0.0666666666667
0.190476190476 0.190476190476 0.190476190476 0.190476190476 0.190476190476 0.047619047619
0.280701754386 0.0701754385965 0.0701754385965 0.280701754386 0.280701754386 0.0175438596491
0.280701754386 0.0701754385965 0.0701754385965 0.280701754386 0.280701754386 0.0175438596491
0.166666666667 0.166666666667 0.166666666667 0.166666666667 0.166666666667 0.166666666667
0.0666666666667 0.266666666667 0.266666666667 0.266666666667 0.0666666666667 0.0666666666667
0.190476190476 0.190476190476 0.190476190476 0.190476190476 0.190476190476 0.047619047619
0.280701754386 0.0701754385965 0.0701754385965 0.280701754386 0.280701754386 0.0175438596491
0.280701754386 0.0701754385965 0.0701754385965 0.280701754386 0.280701754386 0.0175438596491
