Price Resolution OpticalZoom DigitalZoom Weight StorageIncluded
0.166666666667 0.166666666667 0.166666666667 0.166666666667 0.166666666667 0.166666666667
0.0666666666667 0.266666666667 0.0666666666667 0.266666666667 0.0666666666667 0.266666666667
0.0666666666667 0.266666666667 0.0666666666667 0.266666666667 0.0666666666667 0.266666666667
0.190476190476 0.190476190476 0.047619047619 0.190476190476 0.190476190476 0.190476190476
0.280701754386 0.0701754385965 0.0175438596491 0.280701754386 0.280701754386 0.0701754385965
0.231884057971 0.231884057971 0.0144927536232 0.231884057971 0.231884057971 0.0579710144928
0.387878787879 0.0969696969697 0.00606060606061 0.0969696969697 0.387878787879 0.0242424242424
0.166666666667 0.166666666667 0.166666666667 0.166666666667 0.166666666667 0.166666666667
0.266666666667 0.0666666666667 0.0666666666667 0.266666666667 0.0666666666667 0.266666666667
0.592592592593 0.037037037037 0.037037037037 0.148148148148 0.037037037037 0.148148148148
0.533333333333 0.133333333333 0.0333333333333 0.133333333333 0.0333333333333 0.133333333333
0.380952380952 0.380952380952 0.0238095238095 0.0952380952381 0.0238095238095 0.0952380952381
0.355555555556 0.355555555556 0.0222222222222 0.0888888888889 0.0888888888889 0.0888888888889
0.361581920904 0.361581920904 0.00564971751412 0.090395480226 0.090395480226 0.090395480226
0.613908872902 0.153477218225 0.00239808153477 0.0383693045564 0.153477218225 0.0383693045564
0.166666666667 0.166666666667 0.166666666667 0.166666666667 0.166666666667 0.166666666667
0.266666666667 0.0666666666667 0.0666666666667 0.266666666667 0.266666666667 0.0666666666667
0.592592592593 0.037037037037 0.037037037037 0.148148148148 0.148148148148 0.037037037037
0.533333333333 0.133333333333 0.0333333333333 0.133333333333 0.133333333333 0.0333333333333
0.380952380952 0.380952380952 0.0238095238095 0.0952380952381 0.0952380952381 0.0238095238095
0.296296296296 0.296296296296 0.0185185185185 0.0740740740741 0.296296296296 0.0185185185185
0.300469483568 0.300469483568 0.00469483568075 0.075117370892 0.300469483568 0.018779342723
0.428810720268 0.107202680067 0.00167504187605 0.0268006700168 0.428810720268 0.00670016750419
0.480075011721 0.0300046882325 0.000468823253633 0.00750117205813 0.480075011721 0.00187529301453
0.166666666667 0.166666666667 0.166666666667 0.166666666667 0.166666666667 0.166666666667
0.0555555555556 0.222222222222 0.0555555555556 0.222222222222 0.222222222222 0.222222222222
0.0555555555556 0.222222222222 0.0555555555556 0.222222222222 0.222222222222 0.222222222222
0.121212121212 0.121212121212 0.030303030303 0.121212121212 0.484848484848 0.121212121212
0.152380952381 0.0380952380952 0.00952380952381 0.152380952381 0.609523809524 0.0380952380952
0.136752136752 0.136752136752 0.00854700854701 0.136752136752 0.547008547009 0.034188034188
0.179271708683 0.0448179271709 0.00280112044818 0.0448179271709 0.717086834734 0.0112044817927
0.166666666667 0.166666666667 0.166666666667 0.166666666667 0.166666666667 0.166666666667
0.0666666666667 0.266666666667 0.266666666667 0.266666666667 0.0666666666667 0.0666666666667
0.121212121212 0.484848484848 0.121212121212 0.121212121212 0.121212121212 0.030303030303
0.172043010753 0.688172043011 0.0430107526882 0.0430107526882 0.0430107526882 0.010752688172
0.418300653595 0.418300653595 0.0261437908497 0.0261437908497 0.104575163399 0.00653594771242
0.742028985507 0.185507246377 0.0115942028986 0.0115942028986 0.0463768115942 0.00289855072464
0.428810720268 0.428810720268 0.00670016750419 0.0268006700168 0.107202680067 0.00167504187605
0.187545787546 0.750183150183 0.0029304029304 0.0117216117216 0.0468864468864 0.000732600732601
0.159501557632 0.63800623053 0.00249221183801 0.0398753894081 0.159501557632 0.000623052959502
0.0547359418431 0.875775069489 0.000855249091298 0.0136839854608 0.0547359418431 0.000213812272824
