Price Resolution OpticalZoom DigitalZoom Weight StorageIncluded
0.166666666667 0.166666666667 0.166666666667 0.166666666667 0.166666666667 0.166666666667
0.166666666667 0.166666666667 0.166666666667 0.166666666667 0.166666666667 0.166666666667
0.0555555555556 0.222222222222 0.0555555555556 0.222222222222 0.222222222222 0.222222222222
0.0555555555556 0.222222222222 0.0555555555556 0.222222222222 0.222222222222 0.222222222222
0.121212121212 0.121212121212 0.030303030303 0.121212121212 0.484848484848 0.121212121212
0.152380952381 0.0380952380952 0.00952380952381 0.152380952381 0.609523809524 0.0380952380952
0.185507246377 0.0115942028986 0.00289855072464 0.0463768115942 0.742028985507 0.0115942028986
0.194381169324 0.0121488230828 0.000759301442673 0.0121488230828 0.777524677297 0.00303720577069
0.187545787546 0.0468864468864 0.000732600732601 0.0117216117216 0.750183150183 0.0029304029304
0.0576966418751 0.0144241604688 0.000225377507325 0.0036060401172 0.923146270002 0.000901510029299
0.194936226918 0.0121835141824 0.0001903674091 0.0121835141824 0.779744907672 0.000761469636398
0.492012012012 0.00768768768769 0.00012012012012 0.00768768768769 0.492012012012 0.00048048048048
0.195075486974 0.0121922179359 4.76258513121e-05 0.0121922179359 0.780301947897 0.000190503405248
0.0583899984319 0.00364937490199 1.42553707109e-05 0.00364937490199 0.934239974911 5.70214828437e-05
0.198738476468 0.00310528869481 4.85201358564e-05 0.00310528869481 0.794953905871 4.85201358564e-05
0.199216945113 0.000778191191848 1.21592373726e-05 0.00311276476739 0.796867780453 1.21592373726e-05
0.166666666667 0.166666666667 0.166666666667 0.166666666667 0.166666666667 0.166666666667
0.222222222222 0.222222222222 0.0555555555556 0.222222222222 0.222222222222 0.0555555555556
0.222222222222 0.222222222222 0.0555555555556 0.222222222222 0.222222222222 0.0555555555556
0.380952380952 0.0952380952381 0.0238095238095 0.0952380952381 0.380952380952 0.0238095238095
0.426666666667 0.0266666666667 0.00666666666667 0.106666666667 0.426666666667 0.00666666666667
0.185507246377 0.0115942028986 0.00289855072464 0.0463768115942 0.742028985507 0.0115942028986
0.0568888888889 0.0142222222222 0.000888888888889 0.0142222222222 0.910222222222 0.00355555555556
0.187545787546 0.0468864468864 0.000732600732601 0.0117216117216 0.750183150183 0.0029304029304
0.469509399358 0.0293443374599 0.000458505272811 0.0293443374599 0.469509399358 0.00183402109124
0.399220272904 0.0998050682261 0.000389863547758 0.0998050682261 0.399220272904 0.00155945419103
0.571030252335 0.142757563084 0.000139411682699 0.142757563084 0.142757563084 0.000557646730796
0.399804782821 0.0999511957052 9.76085895559e-05 0.0999511957052 0.399804782821 0.000390434358224
0.181753638623 0.0454384096557 0.000177493787717 0.0454384096557 0.727014554491 0.000177493787717
0.166666666667 0.166666666667 0.166666666667 0.166666666667 0.166666666667 0.166666666667
0.0833333333333 0.0833333333333 0.333333333333 0.333333333333 0.0833333333333 0.0833333333333
0.222222222222 0.0555555555556 0.222222222222 0.222222222222 0.222222222222 0.0555555555556
0.296296296296 0.0185185185185 0.0740740740741 0.296296296296 0.296296296296 0.0185185185185
0.296296296296 0.0185185185185 0.0740740740741 0.296296296296 0.296296296296 0.0185185185185
0.166666666667 0.166666666667 0.166666666667 0.166666666667 0.166666666667 0.166666666667
