Price Resolution OpticalZoom DigitalZoom Weight StorageIncluded
0.166666666667 0.166666666667 0.166666666667 0.166666666667 0.166666666667 0.166666666667
0.166666666667 0.166666666667 0.166666666667 0.166666666667 0.166666666667 0.166666666667
0.222222222222 0.222222222222 0.0555555555556 0.222222222222 0.0555555555556 0.222222222222
0.533333333333 0.133333333333 0.0333333333333 0.133333333333 0.0333333333333 0.133333333333
0.688172043011 0.0430107526882 0.010752688172 0.172043010753 0.0430107526882 0.0430107526882
0.496124031008 0.124031007752 0.0077519379845 0.124031007752 0.124031007752 0.124031007752
0.361581920904 0.361581920904 0.00564971751412 0.090395480226 0.090395480226 0.090395480226
0.284444444444 0.284444444444 0.00444444444444 0.0711111111111 0.284444444444 0.0711111111111
0.550537634409 0.137634408602 0.00215053763441 0.137634408602 0.137634408602 0.0344086021505
0.633271490414 0.0395794681509 0.000618429189858 0.158317872604 0.158317872604 0.00989486703772
0.301797819039 0.0754494547598 0.000294724432655 0.301797819039 0.301797819039 0.0188623636899
0.246094688777 0.246094688777 0.000240326844509 0.246094688777 0.246094688777 0.0153809180485
0.397476952935 0.397476952935 9.70402717128e-05 0.0993692382339 0.0993692382339 0.00621057738962
0.469711304148 0.469711304148 2.86689028411e-05 0.0293569565093 0.0293569565093 0.00183480978183
0.431691829368 0.431691829368 2.63483782573e-05 0.0269807393355 0.107922957342 0.00168629620847
0.307299872459 0.307299872459 7.50243829245e-05 0.0768249681146 0.307299872459 0.00120039012679
0.15987509758 0.15987509758 0.00015612802498 0.039968774395 0.63950039032 0.000624512099922
0.164915247413 0.164915247413 4.02625115755e-05 0.0103072029633 0.659660989653 0.000161050046302
0.159968756102 0.159968756102 3.90548720953e-05 0.0399921890256 0.639875024409 0.000156219488381
0.159968756102 0.159968756102 3.90548720953e-05 0.0399921890256 0.639875024409 0.000156219488381
0.43237537276 0.10809384319 2.63900984351e-05 0.0270234607975 0.43237537276 0.00010556039374
0.481185341821 0.0300740838638 7.34230563081e-06 0.00751852096595 0.481185341821 2.93692225233e-05
0.166666666667 0.166666666667 0.166666666667 0.166666666667 0.166666666667 0.166666666667
0.0833333333333 0.0833333333333 0.333333333333 0.333333333333 0.0833333333333 0.0833333333333
0.222222222222 0.0555555555556 0.222222222222 0.222222222222 0.222222222222 0.0555555555556
0.296296296296 0.0185185185185 0.0740740740741 0.296296296296 0.296296296296 0.0185185185185
0.296296296296 0.0185185185185 0.0740740740741 0.296296296296 0.296296296296 0.0185185185185
0.627450980392 0.00980392156863 0.0392156862745 0.156862745098 0.156862745098 0.00980392156863
0.318407960199 0.0199004975124 0.0199004975124 0.318407960199 0.318407960199 0.00497512437811
0.158024691358 0.0395061728395 0.00987654320988 0.158024691358 0.632098765432 0.00246913580247
0.0545609548167 0.0136402387042 0.00341005967604 0.0545609548167 0.872975277067 0.000852514919011
0.164418754014 0.0102761721259 0.00256904303147 0.164418754014 0.657675016057 0.000642260757868
0.159501557632 0.0398753894081 0.00249221183801 0.159501557632 0.63800623053 0.000623052959502
0.0525775313206 0.0525775313206 0.000821523926884 0.0525775313206 0.84124050113 0.000205380981721
0.0398940314789 0.159576125916 0.00249337696743 0.159576125916 0.638304503662 0.000155836060464
0.0102823633369 0.164517813391 0.00257059083424 0.164517813391 0.658071253565 4.0165481785e-05
0.013686728952 0.0547469158079 0.000855420559499 0.0547469158079 0.875950652926 1.33659462422e-05
0.00360928121024 0.0144371248409 0.00022558007564 0.0577484993638 0.923975989821 3.52468868187e-06
0.00360928121024 0.0144371248409 0.00022558007564 0.0577484993638 0.923975989821 3.52468868187e-06
0.0142824764196 0.0142824764196 0.000223163694057 0.0571299056785 0.914078490856 3.48693271963e-06
0.00360928121024 0.0144371248409 0.00022558007564 0.0577484993638 0.923975989821 3.52468868187e-06
0.00381656272683 0.00381656272683 5.96337926067e-05 0.0152662509073 0.977040058068 9.3177800948e-07
0.00387198166102 0.000967995415256 6.04997134535e-05 0.00387198166102 0.991227305222 2.36327005678e-07
0.0151362822015 0.000946017637593 5.91261023496e-05 0.0151362822015 0.968722060896 2.30961337303e-07
0.00383044282072 0.000239402676295 1.49626672684e-05 0.0153217712829 0.980593362105 5.84479190174e-08
0.166666666667 0.166666666667 0.166666666667 0.166666666667 0.166666666667 0.166666666667
0.0555555555556 0.222222222222 0.0555555555556 0.222222222222 0.222222222222 0.222222222222
0.0555555555556 0.222222222222 0.0555555555556 0.222222222222 0.222222222222 0.222222222222
0.121212121212 0.121212121212 0.030303030303 0.121212121212 0.484848484848 0.121212121212
0.172043010753 0.0430107526882 0.010752688172 0.0430107526882 0.688172043011 0.0430107526882
0.0538720538721 0.0538720538721 0.003367003367 0.013468013468 0.861952861953 0.013468013468
0.0448179271709 0.179271708683 0.00280112044818 0.0448179271709 0.717086834734 0.0112044817927
0.0545609548167 0.0545609548167 0.000852514919011 0.0136402387042 0.872975277067 0.00341005967604
0.0570791527313 0.0142697881828 0.000222965440357 0.0142697881828 0.913266443701 0.000891861761427
0.0570791527313 0.0142697881828 0.000222965440357 0.0142697881828 0.913266443701 0.000891861761427
0.015089890952 0.015089890952 5.89448865311e-05 0.00377247273799 0.965753020925 0.000235779546124
0.00386071272376 0.00386071272376 1.50809090772e-05 0.00386071272376 0.988342457283 6.03236363088e-05
0.00388342150672 0.000970855376681 3.79240381516e-06 0.000970855376681 0.994155905721 1.51696152606e-05
0.00386088740084 0.00386088740084 1.50815914095e-05 0.00386088740084 0.988387174615 1.50815914095e-05
0.000968035908082 0.00387214363233 1.51255610638e-05 0.00387214363233 0.991268769876 3.78139026595e-06
0.000243604200269 0.000974416801077 3.80631562921e-06 0.000974416801077 0.997802804303 9.51578907302e-07
0.000973705205044 0.000973705205044 3.8035359572e-06 0.000973705205044 0.997074129965 9.50883989301e-07
0.00388347673564 0.00097086918391 3.79245774965e-06 0.00097086918391 0.994170044324 9.48114437413e-07
0.00386098566364 0.00386098566364 3.77049381215e-06 0.00386098566364 0.988412329892 9.42623453037e-07
0.000973708677109 0.000973708677109 9.50887379989e-07 0.000973708677109 0.997077685359 2.37721844997e-07
0.166666666667 0.166666666667 0.166666666667 0.166666666667 0.166666666667 0.166666666667
