Price Resolution OpticalZoom DigitalZoom Weight StorageIncluded
0.166666666667 0.166666666667 0.166666666667 0.166666666667 0.166666666667 0.166666666667
0.0555555555556 0.222222222222 0.0555555555556 0.222222222222 0.222222222222 0.222222222222
0.0555555555556 0.222222222222 0.0555555555556 0.222222222222 0.222222222222 0.222222222222
0.121212121212 0.121212121212 0.030303030303 0.121212121212 0.484848484848 0.121212121212
0.121212121212 0.121212121212 0.030303030303 0.121212121212 0.484848484848 0.121212121212
0.124031007752 0.124031007752 0.0077519379845 0.124031007752 0.496124031008 0.124031007752
0.124031007752 0.124031007752 0.0077519379845 0.124031007752 0.496124031008 0.124031007752
0.137634408602 0.137634408602 0.00215053763441 0.137634408602 0.550537634409 0.0344086021505
0.179649122807 0.0449122807018 0.000701754385965 0.0449122807018 0.718596491228 0.0112280701754
0.158317872604 0.158317872604 0.000618429189858 0.0395794681509 0.633271490414 0.00989486703772
0.397361272798 0.0993403181995 0.000388048117967 0.0993403181995 0.397361272798 0.00620876988747
0.397361272798 0.0993403181995 0.000388048117967 0.0993403181995 0.397361272798 0.00620876988747
0.306128550075 0.306128550075 0.000298953662182 0.0765321375187 0.306128550075 0.00478325859492
0.39933703812 0.0998342595301 9.74943940723e-05 0.0998342595301 0.39933703812 0.00155991030516
0.432238490964 0.108059622741 2.63817438333e-05 0.0270149056853 0.432238490964 0.000422107901332
0.399834053249 0.0999585133123 2.44039339141e-05 0.0999585133123 0.399834053249 0.000390462942626
0.3999585004 0.0999896250999 6.10288239135e-06 0.0999896250999 0.3999585004 9.76461182617e-05
0.3999585004 0.0999896250999 6.10288239135e-06 0.0999896250999 0.3999585004 9.76461182617e-05
0.470573874519 0.0294108671574 1.7950968724e-06 0.0294108671574 0.470573874519 2.87215499584e-05
0.72723994127 0.0454524963294 6.93550053854e-07 0.0454524963294 0.181809985318 4.43872034467e-05
0.780477928999 0.0121949676406 7.44321755408e-07 0.0121949676406 0.19511948225 1.19091480865e-05
0.795028494038 0.00310558005484 1.89549563894e-07 0.00310558005484 0.19875712351 3.0327930223e-06
0.166666666667 0.166666666667 0.166666666667 0.166666666667 0.166666666667 0.166666666667
0.222222222222 0.222222222222 0.0555555555556 0.222222222222 0.0555555555556 0.222222222222
0.222222222222 0.222222222222 0.0555555555556 0.222222222222 0.0555555555556 0.222222222222
0.484848484848 0.121212121212 0.030303030303 0.121212121212 0.121212121212 0.121212121212
0.355555555556 0.0888888888889 0.0222222222222 0.0888888888889 0.355555555556 0.0888888888889
0.355555555556 0.0888888888889 0.0222222222222 0.0888888888889 0.355555555556 0.0888888888889
0.355555555556 0.0888888888889 0.0222222222222 0.0888888888889 0.355555555556 0.0888888888889
0.361581920904 0.090395480226 0.00564971751412 0.090395480226 0.361581920904 0.090395480226
0.45632798574 0.0285204991087 0.0017825311943 0.0285204991087 0.45632798574 0.0285204991087
0.743645606391 0.0116194625999 0.000726216412491 0.0464778503994 0.185911401598 0.0116194625999
0.717086834734 0.0448179271709 0.00280112044818 0.0448179271709 0.179271708683 0.0112044817927
0.750183150183 0.0117216117216 0.000732600732601 0.0468864468864 0.187545787546 0.0029304029304
0.65641025641 0.0102564102564 0.0025641025641 0.164102564103 0.164102564103 0.0025641025641
0.751835535977 0.0117474302496 0.000734214390602 0.0469897209985 0.187958883994 0.000734214390602
0.166666666667 0.166666666667 0.166666666667 0.166666666667 0.166666666667 0.166666666667
0.222222222222 0.0555555555556 0.222222222222 0.222222222222 0.222222222222 0.0555555555556
0.380952380952 0.0238095238095 0.0952380952381 0.0952380952381 0.380952380952 0.0238095238095
0.380952380952 0.0238095238095 0.0952380952381 0.0952380952381 0.380952380952 0.0238095238095
0.172043010753 0.0430107526882 0.0430107526882 0.0430107526882 0.688172043011 0.010752688172
0.136752136752 0.136752136752 0.034188034188 0.136752136752 0.547008547009 0.00854700854701
0.0448179271709 0.0448179271709 0.0112044817927 0.179271708683 0.717086834734 0.00280112044818
0.0545609548167 0.0136402387042 0.00341005967604 0.0545609548167 0.872975277067 0.000852514919011
0.0150765606596 0.0037691401649 0.000942285041225 0.0150765606596 0.964899882214 0.000235571260306
0.00382660687593 0.000956651718984 0.000239162929746 0.0153064275037 0.979611360239 5.97907324365e-05
0.00387473701736 0.000242171063585 6.05427658963e-05 0.00387473701736 0.991932676444 1.51356914741e-05
0.00382729338596 0.00095682334649 5.98014591556e-05 0.0153091735438 0.979787106805 5.98014591556e-05
0.0151353908005 0.000945961925033 5.91226203145e-05 0.0151353908005 0.968665011233 5.91226203145e-05
0.00387209970657 0.000968024926642 1.51253894788e-05 0.00387209970657 0.991257524881 1.51253894788e-05
0.00388629549509 0.000242893468443 3.79521044442e-06 0.000971573873771 0.994891646742 3.79521044442e-06
0.0153218868066 0.000239404481353 3.74069502113e-06 0.00383047170164 0.98060075562 3.74069502113e-06
0.166666666667 0.166666666667 0.166666666667 0.166666666667 0.166666666667 0.166666666667
0.266666666667 0.0666666666667 0.0666666666667 0.266666666667 0.0666666666667 0.266666666667
0.592592592593 0.037037037037 0.037037037037 0.148148148148 0.037037037037 0.148148148148
0.533333333333 0.0333333333333 0.0333333333333 0.133333333333 0.133333333333 0.133333333333
0.533333333333 0.0333333333333 0.0333333333333 0.133333333333 0.133333333333 0.133333333333
0.231884057971 0.0579710144928 0.0144927536232 0.231884057971 0.231884057971 0.231884057971
0.234432234432 0.0586080586081 0.003663003663 0.234432234432 0.234432234432 0.234432234432
0.550537634409 0.0344086021505 0.00215053763441 0.137634408602 0.137634408602 0.137634408602
0.551427032849 0.034464189553 0.000538502961766 0.137856758212 0.137856758212 0.137856758212
0.363120567376 0.090780141844 0.00141843971631 0.363120567376 0.090780141844 0.090780141844
0.363120567376 0.090780141844 0.00141843971631 0.363120567376 0.090780141844 0.090780141844
0.390095238095 0.0975238095238 0.000380952380952 0.390095238095 0.0975238095238 0.024380952381
0.246094688777 0.246094688777 0.000240326844509 0.246094688777 0.246094688777 0.0153809180485
0.0993692382339 0.397476952935 9.70402717128e-05 0.0993692382339 0.397476952935 0.00621057738962
0.306197204156 0.306197204156 7.4755176796e-05 0.0765493010391 0.306197204156 0.00478433131494
0.638379115527 0.159594778882 3.89635690629e-05 0.0398986947204 0.159594778882 0.00249366842003
0.399366240098 0.0998415600244 2.43753808653e-05 0.0998415600244 0.399366240098 0.00156002437538
0.726748505717 0.0454217816073 1.10893021502e-05 0.0454217816073 0.181687126429 0.000709715337614
0.399841371526 0.0999603428815 6.10109514658e-06 0.0999603428815 0.399841371526 0.000390470089381
0.432386070302 0.108096517575 1.64942196007e-06 0.0270241293939 0.432386070302 0.000105563005445
0.399960331083 0.0999900827707 1.52572758134e-06 0.0999900827707 0.399960331083 9.76465652058e-05
0.399990082033 0.0999975205083 3.81460268052e-07 0.0999975205083 0.399990082033 2.44134571553e-05
0.399990082033 0.0999975205083 3.81460268052e-07 0.0999975205083 0.399990082033 2.44134571553e-05
0.470584803412 0.0294115502132 1.12196160176e-07 0.0294115502132 0.470584803412 7.18055425128e-06
0.727264625072 0.045454039067 4.33483496351e-08 0.045454039067 0.181816156268 1.10971775066e-05
0.780485444811 0.0121950850752 4.65205576903e-08 0.0121950850752 0.195121361203 2.97731569218e-06
0.934305723846 0.00364963173378 1.39222401954e-08 0.00364963173378 0.0583941077404 8.91023372504e-07
0.166666666667 0.166666666667 0.166666666667 0.166666666667 0.166666666667 0.166666666667
0.0666666666667 0.266666666667 0.0666666666667 0.266666666667 0.0666666666667 0.266666666667
0.0666666666667 0.266666666667 0.0666666666667 0.266666666667 0.0666666666667 0.266666666667
0.190476190476 0.190476190476 0.047619047619 0.190476190476 0.190476190476 0.190476190476
0.190476190476 0.190476190476 0.047619047619 0.190476190476 0.190476190476 0.190476190476
0.197530864198 0.197530864198 0.0123456790123 0.197530864198 0.197530864198 0.197530864198
0.124031007752 0.496124031008 0.0077519379845 0.124031007752 0.124031007752 0.124031007752
0.124756335283 0.499025341131 0.00194931773879 0.124756335283 0.124756335283 0.124756335283
0.0434487440597 0.695179904956 0.000678886625933 0.0434487440597 0.173794976239 0.0434487440597
0.105219893136 0.420879572544 0.000411015207563 0.026304973284 0.420879572544 0.026304973284
0.0975238095238 0.390095238095 0.000380952380952 0.0975238095238 0.390095238095 0.024380952381
0.141573344394 0.141573344394 0.000138255219135 0.141573344394 0.566293377575 0.00884833402461
0.0398986947204 0.159594778882 3.89635690629e-05 0.159594778882 0.638379115527 0.00249366842003
0.142534015381 0.142534015381 3.47983435988e-05 0.142534015381 0.570136061523 0.00222709399033
0.307317164669 0.307317164669 1.87571511639e-05 0.0768292911673 0.307317164669 0.00120045767449
0.63959400771 0.159898501927 9.75943004929e-06 0.0399746254819 0.159898501927 0.000624603523154
0.727141600996 0.0454463500623 2.77382507704e-06 0.0454463500623 0.181785400249 0.000177524804931
0.639898453615 0.159974613404 2.44101888128e-06 0.0399936533509 0.159974613404 0.000156225208402
0.3999585004 0.0999896250999 6.10288239135e-06 0.0999896250999 0.3999585004 9.76461182617e-05
0.432420305992 0.0270262691245 1.64955255887e-06 0.108105076498 0.432420305992 2.63928409419e-05
0.432420305992 0.0270262691245 1.64955255887e-06 0.108105076498 0.432420305992 2.63928409419e-05
0.399960331083 0.0999900827707 1.52572758134e-06 0.0999900827707 0.399960331083 9.76465652058e-05
0.432420840968 0.0270263025605 4.1238864991e-07 0.108105210242 0.432420840968 2.63928735942e-05
0.75293239089 0.0117645686077 1.79513070795e-07 0.0470582744306 0.188233097722 1.14888365309e-05
0.481199419069 0.00751874092295 1.14726881759e-07 0.0300749636918 0.481199419069 7.34252043257e-06
