Price Resolution OpticalZoom DigitalZoom Weight StorageIncluded
0.166666666667 0.166666666667 0.166666666667 0.166666666667 0.166666666667 0.166666666667
0.166666666667 0.166666666667 0.166666666667 0.166666666667 0.166666666667 0.166666666667
0.190476190476 0.190476190476 0.047619047619 0.190476190476 0.190476190476 0.190476190476
0.190476190476 0.190476190476 0.047619047619 0.190476190476 0.190476190476 0.190476190476
0.355555555556 0.0888888888889 0.0222222222222 0.0888888888889 0.355555555556 0.0888888888889
0.45390070922 0.0283687943262 0.00709219858156 0.0283687943262 0.45390070922 0.0283687943262
0.185507246377 0.0463768115942 0.00289855072464 0.0115942028986 0.742028985507 0.0115942028986
0.158024691358 0.158024691358 0.00246913580247 0.0395061728395 0.632098765432 0.00987654320988
0.187545787546 0.0468864468864 0.000732600732601 0.0117216117216 0.750183150183 0.0029304029304
0.0576966418751 0.0144241604688 0.000225377507325 0.0036060401172 0.923146270002 0.000901510029299
0.0570791527313 0.0142697881828 0.000222965440357 0.0142697881828 0.913266443701 0.000891861761427
0.058377515535 0.00364859472094 5.70092925147e-05 0.00364859472094 0.934040248561 0.000228037170059
0.0153098602078 0.00382746505195 1.49510353592e-05 0.000956866262989 0.9798310533 5.98041414368e-05
0.0585502522978 0.00365939076862 1.42944951899e-05 0.000914847692154 0.936804036765 5.71779807596e-05
0.0587139130185 0.000917404890915 1.43344514205e-05 0.000917404890915 0.939422608297 1.43344514205e-05
0.0585527632444 0.00365954770278 1.4295108214e-05 0.000914886925694 0.936844211911 1.4295108214e-05
0.0153660311672 0.000960376947952 3.75147245294e-06 0.000240094236988 0.983425994703 3.75147245294e-06
0.0153771936246 0.000240268650385 9.38549415565e-07 0.000240268650385 0.984140391976 9.38549415565e-07
0.0153661176356 0.000960382352224 9.37873390844e-07 0.000240095588056 0.983431528677 9.37873390844e-07
0.00388703125615 0.000971757814038 2.37245560068e-07 6.07348633774e-05 0.995080001575 2.37245560068e-07
0.0153689067617 0.000960556672609 2.34510906399e-07 6.00347920381e-05 0.983610032752 2.34510906399e-07
0.166666666667 0.166666666667 0.166666666667 0.166666666667 0.166666666667 0.166666666667
0.266666666667 0.0666666666667 0.0666666666667 0.266666666667 0.0666666666667 0.266666666667
0.592592592593 0.037037037037 0.037037037037 0.148148148148 0.037037037037 0.148148148148
0.711111111111 0.0111111111111 0.0111111111111 0.177777777778 0.0444444444444 0.0444444444444
0.87074829932 0.00340136054422 0.00340136054422 0.0544217687075 0.0544217687075 0.0136054421769
0.742028985507 0.0115942028986 0.00289855072464 0.0463768115942 0.185507246377 0.0115942028986
0.881998277347 0.00344530577089 0.000861326442722 0.0551248923342 0.0551248923342 0.00344530577089
0.657675016057 0.0102761721259 0.000642260757868 0.164418754014 0.164418754014 0.00256904303147
0.752249770432 0.011753902663 0.000183654729109 0.047015610652 0.188062442608 0.000734618916437
0.726627638815 0.0454142274259 0.000177399325883 0.0454142274259 0.181656909704 0.00070959730353
0.914030683403 0.0142817294282 5.57880055788e-05 0.0142817294282 0.0571269177127 0.000223152022315
0.752768205835 0.0117620032162 4.59453250632e-05 0.0470480128647 0.188192051459 0.000183781300253
0.639875024409 0.0399921890256 3.90548720953e-05 0.159968756102 0.159968756102 0.000156219488381
0.399951177835 0.0999877944587 2.44110826315e-05 0.0999877944587 0.399951177835 9.76443305261e-05
0.727208166889 0.0454505104305 4.43852640923e-05 0.0454505104305 0.181802041722 4.43852640923e-05
0.914260204793 0.0142853156999 1.39505036132e-05 0.0142853156999 0.0571412627996 1.39505036132e-05
0.780469215196 0.0121948314874 1.19090151244e-05 0.0121948314874 0.195117303799 1.19090151244e-05
0.787687573993 0.00307690458591 3.00478963468e-06 0.0123076183436 0.196921893498 3.00478963468e-06
0.780483157374 0.012195049334 2.9773069663e-06 0.012195049334 0.195120789344 2.9773069663e-06
0.481201240891 0.0300750775557 1.83563705784e-06 0.00751876938892 0.481201240891 1.83563705784e-06
0.196922337281 0.0123076460801 3.00479640626e-06 0.00307691152001 0.787689349124 7.51199101566e-07
0.495163240914 0.00773692563929 1.88889786115e-06 0.00193423140982 0.495163240914 4.72224465288e-07
0.166666666667 0.166666666667 0.166666666667 0.166666666667 0.166666666667 0.166666666667
0.166666666667 0.166666666667 0.166666666667 0.166666666667 0.166666666667 0.166666666667
0.222222222222 0.222222222222 0.0555555555556 0.222222222222 0.0555555555556 0.222222222222
0.533333333333 0.133333333333 0.0333333333333 0.133333333333 0.0333333333333 0.133333333333
0.79012345679 0.0493827160494 0.0123456790123 0.0493827160494 0.0493827160494 0.0493827160494
0.609523809524 0.152380952381 0.00952380952381 0.0380952380952 0.152380952381 0.0380952380952
0.418300653595 0.104575163399 0.00653594771242 0.0261437908497 0.418300653595 0.0261437908497
0.717086834734 0.0448179271709 0.00280112044818 0.0448179271709 0.179271708683 0.0112044817927
0.632098765432 0.158024691358 0.00246913580247 0.0395061728395 0.158024691358 0.00987654320988
0.304761904762 0.304761904762 0.0047619047619 0.0761904761905 0.304761904762 0.0047619047619
0.1592039801 0.1592039801 0.00248756218905 0.0398009950249 0.636815920398 0.00248756218905
0.187958883994 0.0469897209985 0.000734214390602 0.0117474302496 0.751835535977 0.000734214390602
0.189840563589 0.0474601408973 0.00018539117538 0.00296625880608 0.759362254357 0.00018539117538
0.188166115399 0.0470415288497 0.000183755972069 0.0117603822124 0.752664461595 0.000183755972069
0.188166115399 0.0470415288497 0.000183755972069 0.0117603822124 0.752664461595 0.000183755972069
0.196904143832 0.0123065089895 4.80723007403e-05 0.00307662724738 0.787616575329 4.80723007403e-05
0.495134481717 0.00773647627682 3.02206104563e-05 0.00193411906921 0.495134481717 3.02206104563e-05
0.196918343309 0.0123073964568 1.20189418524e-05 0.0030768491142 0.787673373236 1.20189418524e-05
0.196918343309 0.0123073964568 1.20189418524e-05 0.0030768491142 0.787673373236 1.20189418524e-05
0.18822448159 0.0470561203975 1.14883106439e-05 0.0117640300994 0.75289792636 4.59532425757e-05
0.441364447587 0.110341111897 6.73468700542e-06 0.00689631949355 0.441364447587 2.69387480217e-05
0.483927480289 0.0302454675181 1.84603683582e-06 0.00189034171988 0.483927480289 7.38414734328e-06
0.495882604696 0.00774816569838 4.72910504052e-07 0.000484260356149 0.495882604696 1.89164201621e-06
0.79688640252 0.00311283750984 1.89992523794e-07 0.000778209377461 0.19922160063 7.59970095177e-07
