Price Resolution OpticalZoom DigitalZoom Weight StorageIncluded
0.166666666667 0.166666666667 0.166666666667 0.166666666667 0.166666666667 0.166666666667
0.222222222222 0.222222222222 0.0555555555556 0.222222222222 0.0555555555556 0.222222222222
0.222222222222 0.222222222222 0.0555555555556 0.222222222222 0.0555555555556 0.222222222222
0.484848484848 0.121212121212 0.030303030303 0.121212121212 0.121212121212 0.121212121212
0.484848484848 0.121212121212 0.030303030303 0.121212121212 0.121212121212 0.121212121212
0.688172043011 0.0430107526882 0.010752688172 0.0430107526882 0.172043010753 0.0430107526882
0.742028985507 0.0115942028986 0.00289855072464 0.0115942028986 0.185507246377 0.0463768115942
0.693766937669 0.0433604336043 0.00271002710027 0.0433604336043 0.173441734417 0.0433604336043
0.166666666667 0.166666666667 0.166666666667 0.166666666667 0.166666666667 0.166666666667
0.190476190476 0.190476190476 0.047619047619 0.190476190476 0.190476190476 0.190476190476
0.190476190476 0.190476190476 0.047619047619 0.190476190476 0.190476190476 0.190476190476
0.355555555556 0.0888888888889 0.0222222222222 0.0888888888889 0.355555555556 0.0888888888889
0.355555555556 0.0888888888889 0.0222222222222 0.0888888888889 0.355555555556 0.0888888888889
0.609523809524 0.152380952381 0.00952380952381 0.0380952380952 0.152380952381 0.0380952380952
0.651399491094 0.162849872774 0.00254452926209 0.0101781170483 0.162849872774 0.0101781170483
0.750183150183 0.0468864468864 0.000732600732601 0.0117216117216 0.187545787546 0.0029304029304
0.750183150183 0.0468864468864 0.000732600732601 0.0117216117216 0.187545787546 0.0029304029304
0.440430107527 0.110107526882 0.000430107526882 0.00688172043011 0.440430107527 0.00172043010753
0.326010824578 0.326010824578 0.000318369945877 0.0203756765361 0.326010824578 0.00127347978351
0.164815708997 0.164815708997 0.000160952840818 0.0103009818123 0.659262835989 0.000643811363271
0.0547798641203 0.0547798641203 5.34959610549e-05 0.0136949660301 0.876477825924 0.00021398384422
0.0547798641203 0.0547798641203 5.34959610549e-05 0.0136949660301 0.876477825924 0.00021398384422
0.0553595804782 0.0553595804782 1.35155225777e-05 0.00345997377989 0.885753287651 5.40620903107e-05
0.166666666667 0.166666666667 0.166666666667 0.166666666667 0.166666666667 0.166666666667
0.222222222222 0.0555555555556 0.222222222222 0.222222222222 0.222222222222 0.0555555555556
0.380952380952 0.0238095238095 0.0952380952381 0.0952380952381 0.380952380952 0.0238095238095
0.380952380952 0.0238095238095 0.0952380952381 0.0952380952381 0.380952380952 0.0238095238095
0.172043010753 0.0430107526882 0.0430107526882 0.0430107526882 0.688172043011 0.010752688172
0.136752136752 0.136752136752 0.034188034188 0.136752136752 0.547008547009 0.00854700854701
0.0448179271709 0.0448179271709 0.0112044817927 0.179271708683 0.717086834734 0.00280112044818
0.0142222222222 0.0142222222222 0.00355555555556 0.0568888888889 0.910222222222 0.000888888888889
0.0524160524161 0.0524160524161 0.003276003276 0.0524160524161 0.838656838657 0.000819000819001
0.159501557632 0.0398753894081 0.00249221183801 0.159501557632 0.63800623053 0.000623052959502
0.0547359418431 0.0136839854608 0.000855249091298 0.0547359418431 0.875775069489 0.000213812272824
0.0547359418431 0.0136839854608 0.000855249091298 0.0547359418431 0.875775069489 0.000213812272824
0.015089890952 0.00377247273799 0.000235779546124 0.015089890952 0.965753020925 5.89448865311e-05
0.0144363615857 0.00360909039644 0.000225568149777 0.057745446343 0.923927141488 5.63920374443e-05
0.0150932272091 0.00377330680227 5.89579187855e-05 0.0150932272091 0.965966541381 1.47394796964e-05
0.166666666667 0.166666666667 0.166666666667 0.166666666667 0.166666666667 0.166666666667
0.222222222222 0.222222222222 0.0555555555556 0.222222222222 0.0555555555556 0.222222222222
0.222222222222 0.222222222222 0.0555555555556 0.222222222222 0.0555555555556 0.222222222222
0.484848484848 0.121212121212 0.030303030303 0.121212121212 0.121212121212 0.121212121212
0.355555555556 0.0888888888889 0.0222222222222 0.0888888888889 0.355555555556 0.0888888888889
0.355555555556 0.0888888888889 0.0222222222222 0.0888888888889 0.355555555556 0.0888888888889
0.280701754386 0.0701754385965 0.0175438596491 0.280701754386 0.280701754386 0.0701754385965
0.387878787879 0.0969696969697 0.00606060606061 0.0969696969697 0.387878787879 0.0242424242424
0.428810720268 0.0268006700168 0.00167504187605 0.107202680067 0.428810720268 0.00670016750419
0.396899224806 0.0992248062016 0.0015503875969 0.0992248062016 0.396899224806 0.0062015503876
0.63800623053 0.0398753894081 0.000623052959502 0.159501557632 0.159501557632 0.00249221183801
0.569838619922 0.142459654981 0.000556483027268 0.142459654981 0.142459654981 0.00222593210907
0.306954436451 0.0767386091127 0.00119904076739 0.306954436451 0.306954436451 0.00119904076739
0.305854241338 0.0764635603345 0.00477897252091 0.305854241338 0.305854241338 0.00119474313023
0.431521281079 0.0269700800674 0.00168563000421 0.10788032027 0.431521281079 0.000421407501054
0.431521281079 0.0269700800674 0.00168563000421 0.10788032027 0.431521281079 0.000421407501054
0.307230723072 0.0768076807681 0.001200120012 0.307230723072 0.307230723072 0.000300030003
0.63950039032 0.039968774395 0.000624512099922 0.15987509758 0.15987509758 0.00015612802498
0.166666666667 0.166666666667 0.166666666667 0.166666666667 0.166666666667 0.166666666667
0.222222222222 0.222222222222 0.0555555555556 0.222222222222 0.222222222222 0.0555555555556
0.190476190476 0.190476190476 0.190476190476 0.190476190476 0.190476190476 0.047619047619
0.355555555556 0.0888888888889 0.0888888888889 0.0888888888889 0.355555555556 0.0222222222222
0.355555555556 0.0888888888889 0.0888888888889 0.0888888888889 0.355555555556 0.0222222222222
0.172043010753 0.0430107526882 0.0430107526882 0.0430107526882 0.688172043011 0.010752688172
0.152380952381 0.0380952380952 0.0380952380952 0.152380952381 0.609523809524 0.00952380952381
0.179271708683 0.0448179271709 0.0112044817927 0.0448179271709 0.717086834734 0.00280112044818
0.0545609548167 0.0136402387042 0.00341005967604 0.0545609548167 0.872975277067 0.000852514919011
0.181174805379 0.0452937013447 0.00283085633404 0.0452937013447 0.724699221515 0.00070771408351
0.431521281079 0.0269700800674 0.00168563000421 0.10788032027 0.431521281079 0.000421407501054
0.399220272904 0.0998050682261 0.00155945419103 0.0998050682261 0.399220272904 0.000389863547758
0.432204284056 0.0270127677535 0.000422074496149 0.108051071014 0.432204284056 0.000105518624037
0.18177783695 0.0454444592376 0.000177517418897 0.0454444592376 0.727111347801 4.43793547242e-05
0.18822448159 0.0470561203975 4.59532425757e-05 0.0117640300994 0.75289792636 1.14883106439e-05
