Price Resolution OpticalZoom DigitalZoom Weight StorageIncluded
0.166666666667 0.166666666667 0.166666666667 0.166666666667 0.166666666667 0.166666666667
0.222222222222 0.222222222222 0.0555555555556 0.222222222222 0.222222222222 0.0555555555556
0.190476190476 0.190476190476 0.190476190476 0.190476190476 0.190476190476 0.047619047619
0.444444444444 0.111111111111 0.111111111111 0.111111111111 0.111111111111 0.111111111111
0.444444444444 0.111111111111 0.111111111111 0.111111111111 0.111111111111 0.111111111111
0.666666666667 0.166666666667 0.0416666666667 0.0416666666667 0.0416666666667 0.0416666666667
0.853333333333 0.0533333333333 0.0133333333333 0.0133333333333 0.0533333333333 0.0133333333333
0.948148148148 0.0148148148148 0.0037037037037 0.0148148148148 0.0148148148148 0.0037037037037
0.90780141844 0.0567375886525 0.00354609929078 0.0141843971631 0.0141843971631 0.00354609929078
0.87074829932 0.0544217687075 0.00340136054422 0.0136054421769 0.0544217687075 0.00340136054422
0.717086834734 0.179271708683 0.0112044817927 0.0448179271709 0.0448179271709 0.00280112044818
0.872975277067 0.0545609548167 0.00341005967604 0.0136402387042 0.0545609548167 0.000852514919011
0.838656838657 0.0524160524161 0.003276003276 0.0524160524161 0.0524160524161 0.000819000819001
0.830494728305 0.0519059205191 0.0129764801298 0.0519059205191 0.0519059205191 0.00081103000811
0.951451800232 0.0148664343786 0.00371660859466 0.0148664343786 0.0148664343786 0.000232288037166
0.831000202881 0.0519375126801 0.01298437817 0.0519375126801 0.0519375126801 0.000202880908906
0.71897489907 0.0449359311919 0.011233982798 0.0449359311919 0.179743724767 0.000175530981218
0.566293377575 0.141573344394 0.00884833402461 0.141573344394 0.141573344394 0.000138255219135
0.839301265304 0.0524563290815 0.00327852056759 0.0524563290815 0.0524563290815 5.12268838687e-05
0.873708488315 0.0546067805197 0.00341292378248 0.0136516951299 0.0546067805197 1.33317335253e-05
0.873708488315 0.0546067805197 0.00341292378248 0.0136516951299 0.0546067805197 1.33317335253e-05
0.923341364104 0.0144272088141 0.000901700550883 0.00360680220353 0.0577088352565 1.40890711075e-05
0.787077403471 0.0122980844292 0.000768630276827 0.00307452110731 0.196769350868 1.20098480754e-05
0.49206742501 0.00768855351579 0.000480534594737 0.00768855351579 0.49206742501 7.50835304276e-06
0.491359079901 0.00767748562346 0.00191937140586 0.00767748562346 0.491359079901 7.49754455416e-06
0.469721403946 0.0293575877466 0.00183484923417 0.0293575877466 0.469721403946 7.16737982096e-06
0.492070195988 0.00768859681231 0.000480537300769 0.00768859681231 0.492070195988 1.87709883113e-06
0.166666666667 0.166666666667 0.166666666667 0.166666666667 0.166666666667 0.166666666667
0.0555555555556 0.222222222222 0.222222222222 0.222222222222 0.0555555555556 0.222222222222
0.111111111111 0.111111111111 0.444444444444 0.111111111111 0.111111111111 0.111111111111
0.266666666667 0.0666666666667 0.266666666667 0.0666666666667 0.266666666667 0.0666666666667
0.592592592593 0.037037037037 0.148148148148 0.037037037037 0.148148148148 0.037037037037
0.533333333333 0.0333333333333 0.133333333333 0.133333333333 0.133333333333 0.0333333333333
0.627450980392 0.00980392156863 0.0392156862745 0.156862745098 0.156862745098 0.00980392156863
0.426666666667 0.00666666666667 0.0266666666667 0.106666666667 0.426666666667 0.00666666666667
0.158024691358 0.00987654320988 0.0395061728395 0.158024691358 0.632098765432 0.00246913580247
0.428810720268 0.00670016750419 0.0268006700168 0.107202680067 0.428810720268 0.00167504187605
0.396899224806 0.0062015503876 0.0992248062016 0.0992248062016 0.396899224806 0.0015503875969
0.431521281079 0.00168563000421 0.0269700800674 0.10788032027 0.431521281079 0.000421407501054
0.397361272798 0.00620876988747 0.0993403181995 0.0993403181995 0.397361272798 0.000388048117967
0.469670909299 0.00183465198945 0.0293544318312 0.0293544318312 0.469670909299 0.000114665749341
0.397476952935 0.00621057738962 0.0993692382339 0.0993692382339 0.397476952935 9.70402717128e-05
0.301864544182 0.0188665340113 0.0754661360454 0.301864544182 0.301864544182 7.36973984818e-05
0.633638859883 0.00990060718568 0.0396024287427 0.158409714971 0.158409714971 3.8674246819e-05
0.301881230078 0.0188675768798 0.0754703075194 0.301881230078 0.301881230078 1.84253680467e-05
0.107381846543 0.00671136540894 0.0268454616358 0.429527386172 0.429527386172 6.55406778217e-06
0.0993782791981 0.00621114244988 0.0993782791981 0.397513116793 0.397513116793 6.06556879871e-06
0.107925623278 0.00168633786372 0.0269814058195 0.431702493112 0.431702493112 1.64681432004e-06
0.107381846543 0.00671136540894 0.0268454616358 0.429527386172 0.429527386172 6.55406778217e-06
0.107381846543 0.00671136540894 0.0268454616358 0.429527386172 0.429527386172 6.55406778217e-06
0.319998437508 0.0199999023442 0.0199999023442 0.319998437508 0.319998437508 4.88278865826e-06
0.163264899392 0.010204056212 0.010204056212 0.163264899392 0.653059597568 2.49122466113e-06
0.164524318337 0.00257069247401 0.010282769896 0.164524318337 0.658097273346 6.27610467287e-07
0.166666666667 0.166666666667 0.166666666667 0.166666666667 0.166666666667 0.166666666667
0.0555555555556 0.222222222222 0.222222222222 0.222222222222 0.0555555555556 0.222222222222
0.111111111111 0.111111111111 0.444444444444 0.111111111111 0.111111111111 0.111111111111
0.266666666667 0.0666666666667 0.266666666667 0.0666666666667 0.266666666667 0.0666666666667
0.592592592593 0.037037037037 0.148148148148 0.037037037037 0.148148148148 0.037037037037
0.533333333333 0.0333333333333 0.133333333333 0.133333333333 0.133333333333 0.0333333333333
0.711111111111 0.0111111111111 0.0444444444444 0.0444444444444 0.177777777778 0.0111111111111
0.561403508772 0.00877192982456 0.140350877193 0.140350877193 0.140350877193 0.00877192982456
0.395061728395 0.00617283950617 0.0987654320988 0.0987654320988 0.395061728395 0.00617283950617
0.636815920398 0.00248756218905 0.0398009950249 0.1592039801 0.1592039801 0.00248756218905
0.565121412804 0.00883002207506 0.141280353201 0.141280353201 0.141280353201 0.00220750551876
0.63800623053 0.00249221183801 0.0398753894081 0.159501557632 0.159501557632 0.000623052959502
0.726627638815 0.00070959730353 0.0454142274259 0.0454142274259 0.181656909704 0.000177399325883
0.470318061775 0.000459294982202 0.0293948788609 0.0293948788609 0.470318061775 0.000114823745551
0.39933703812 0.00155991030516 0.0998342595301 0.0998342595301 0.39933703812 9.74943940723e-05
0.306197204156 0.00478433131494 0.0765493010391 0.306197204156 0.306197204156 7.4755176796e-05
0.307317164669 0.00120045767449 0.0768292911673 0.307317164669 0.307317164669 1.87571511639e-05
0.306214372489 0.00478459957013 0.0765535931221 0.306214372489 0.306214372489 1.86898420708e-05
0.142537735439 0.00222715211623 0.142537735439 0.570150941755 0.142537735439 8.69981295402e-06
0.397513116793 0.00621114244988 0.0993782791981 0.397513116793 0.0993782791981 6.06556879871e-06
0.142538665483 0.00222716664818 0.142538665483 0.570154661934 0.142538665483 2.17496742986e-06
0.141592614438 0.00884953840237 0.141592614438 0.566370457752 0.141592614438 2.16053183652e-06
0.137930744185 0.0344826860463 0.137930744185 0.551722976741 0.137930744185 2.10465613076e-06
0.158415745852 0.00990098411576 0.039603936463 0.633662983409 0.158415745852 6.04308112534e-07
0.429530025393 0.00671140664677 0.0268456265871 0.429530025393 0.107382506348 4.09631753343e-07
0.159600973214 0.00249376520647 0.0399002433034 0.638403892855 0.159600973214 1.52207349027e-07
0.166666666667 0.166666666667 0.166666666667 0.166666666667 0.166666666667 0.166666666667
0.047619047619 0.190476190476 0.190476190476 0.190476190476 0.190476190476 0.190476190476
0.0833333333333 0.0833333333333 0.333333333333 0.0833333333333 0.333333333333 0.0833333333333
0.148148148148 0.037037037037 0.148148148148 0.037037037037 0.592592592593 0.037037037037
0.410256410256 0.025641025641 0.102564102564 0.025641025641 0.410256410256 0.025641025641
0.380952380952 0.0238095238095 0.0952380952381 0.0952380952381 0.380952380952 0.0238095238095
0.426666666667 0.00666666666667 0.0266666666667 0.106666666667 0.426666666667 0.00666666666667
0.187134502924 0.00292397660819 0.0116959064327 0.046783625731 0.748538011696 0.00292397660819
0.0545609548167 0.00341005967604 0.0136402387042 0.0545609548167 0.872975277067 0.000852514919011
0.187545787546 0.0029304029304 0.0117216117216 0.0468864468864 0.750183150183 0.000732600732601
0.179649122807 0.0112280701754 0.0449122807018 0.0449122807018 0.718596491228 0.000701754385965
0.187648891332 0.00293201392707 0.0117280557083 0.0469122228331 0.750595565329 0.000183250870442
0.179743724767 0.011233982798 0.0449359311919 0.0449359311919 0.71897489907 0.000175530981218
0.0546045965979 0.00341278728737 0.0136511491495 0.0546045965979 0.873673545566 5.33248013651e-05
0.187674684994 0.00293241695304 0.0117296678121 0.0469186712486 0.750698739977 4.58190148912e-05
0.469711304148 0.00183480978183 0.0293569565093 0.0293569565093 0.469711304148 2.86689028411e-05
0.467139965215 0.00729906195649 0.029196247826 0.029196247826 0.467139965215 2.85119607675e-05
0.179773308316 0.0112358317698 0.044943327079 0.044943327079 0.719093233264 1.09724919626e-05
0.158414309886 0.0099008943679 0.158414309886 0.0396035774716 0.633657239546 9.66884215615e-06
0.421049926437 0.0263156204023 0.105262481609 0.0263156204023 0.421049926437 6.42471201228e-06
0.158415458657 0.00990096616606 0.158415458657 0.0396038646642 0.633661834628 2.41722806789e-06
0.158415458657 0.00990096616606 0.158415458657 0.0396038646642 0.633661834628 2.41722806789e-06
0.390243321498 0.0243902075937 0.0975608303746 0.0975608303746 0.390243321498 1.48866013145e-06
0.179775157611 0.0112359473507 0.0449437894028 0.0449437894028 0.719100630445 6.85787802167e-07
0.467153076549 0.00729926682108 0.0291970672843 0.0291970672843 0.467153076549 4.45511890935e-07
0.744185518355 0.0116278987243 0.0116278987243 0.0465115948972 0.186046379589 7.09710615497e-07
0.166666666667 0.166666666667 0.166666666667 0.166666666667 0.166666666667 0.166666666667
0.0666666666667 0.266666666667 0.0666666666667 0.266666666667 0.266666666667 0.0666666666667
0.0555555555556 0.222222222222 0.222222222222 0.222222222222 0.222222222222 0.0555555555556
0.166666666667 0.166666666667 0.166666666667 0.166666666667 0.166666666667 0.166666666667
0.166666666667 0.166666666667 0.166666666667 0.166666666667 0.166666666667 0.166666666667
0.333333333333 0.333333333333 0.0833333333333 0.0833333333333 0.0833333333333 0.0833333333333
0.266666666667 0.266666666667 0.0666666666667 0.0666666666667 0.266666666667 0.0666666666667
0.296296296296 0.296296296296 0.0185185185185 0.0740740740741 0.296296296296 0.0185185185185
0.561403508772 0.140350877193 0.00877192982456 0.140350877193 0.140350877193 0.00877192982456
0.395061728395 0.0987654320988 0.00617283950617 0.0987654320988 0.395061728395 0.00617283950617
0.636815920398 0.0398009950249 0.00248756218905 0.1592039801 0.1592039801 0.00248756218905
0.565121412804 0.141280353201 0.00883002207506 0.141280353201 0.141280353201 0.00220750551876
0.63800623053 0.0398753894081 0.00249221183801 0.159501557632 0.159501557632 0.000623052959502
0.725084085679 0.0453177553549 0.00283235970968 0.0453177553549 0.18127102142 0.000177022481855
0.638304503662 0.159576125916 0.00249337696743 0.0398940314789 0.159576125916 0.000155836060464
0.431657708926 0.107914427232 0.00168616292549 0.0269786068079 0.431657708926 0.000105385182843
0.306197204156 0.306197204156 0.00478433131494 0.0765493010391 0.306197204156 7.4755176796e-05
0.431691829368 0.107922957342 0.00168629620847 0.0269807393355 0.431691829368 2.63483782573e-05
0.399366240098 0.0998415600244 0.00156002437538 0.0998415600244 0.399366240098 2.43753808653e-05
0.638397771219 0.159599442805 0.00249374129382 0.0398998607012 0.159599442805 9.741176929e-06
0.726754550117 0.0454221593823 0.000709721240349 0.0454221593823 0.181688637529 2.77234859511e-06
0.639598689299 0.159899672325 0.000624608095019 0.0399749180812 0.159899672325 2.43987537117e-06
0.84193149254 0.0526207182837 0.000205549680796 0.0526207182837 0.0526207182837 8.02928440609e-07
0.63989962512 0.03999372657 0.000156225494414 0.15997490628 0.15997490628 6.10255837555e-07
0.639599859707 0.0399749912317 0.000624609237995 0.159899964927 0.159899964927 6.0996995898e-07
0.752802658489 0.0117625415389 0.000183789711545 0.188200664622 0.0470501661556 1.79482140181e-07
