Price Resolution OpticalZoom DigitalZoom Weight StorageIncluded
0.166666666667 0.166666666667 0.166666666667 0.166666666667 0.166666666667 0.166666666667
0.222222222222 0.222222222222 0.0555555555556 0.222222222222 0.222222222222 0.0555555555556
0.190476190476 0.190476190476 0.190476190476 0.190476190476 0.190476190476 0.047619047619
0.444444444444 0.111111111111 0.111111111111 0.111111111111 0.111111111111 0.111111111111
0.444444444444 0.111111111111 0.111111111111 0.111111111111 0.111111111111 0.111111111111
0.666666666667 0.166666666667 0.0416666666667 0.0416666666667 0.0416666666667 0.0416666666667
0.592592592593 0.148148148148 0.037037037037 0.037037037037 0.148148148148 0.037037037037
0.711111111111 0.0444444444444 0.0111111111111 0.0444444444444 0.177777777778 0.0111111111111
0.426666666667 0.0266666666667 0.00666666666667 0.106666666667 0.426666666667 0.00666666666667
0.323232323232 0.020202020202 0.00505050505051 0.323232323232 0.323232323232 0.00505050505051
0.300469483568 0.075117370892 0.018779342723 0.300469483568 0.300469483568 0.00469483568075
0.324461343473 0.020278833967 0.00506970849176 0.324461343473 0.324461343473 0.00126742712294
0.431521281079 0.0269700800674 0.00168563000421 0.431521281079 0.10788032027 0.000421407501054
0.429350104822 0.0268343815514 0.00670859538784 0.429350104822 0.107337526205 0.00041928721174
0.306128550075 0.0765321375187 0.00478325859492 0.306128550075 0.306128550075 0.000298953662182
0.638304503662 0.0398940314789 0.00249337696743 0.159576125916 0.159576125916 0.000155836060464
0.324847331271 0.0203029582045 0.00507573955111 0.324847331271 0.324847331271 7.93084304862e-05
0.319975001953 0.0199984376221 0.0199984376221 0.319975001953 0.319975001953 7.81188969612e-05
0.153840375587 0.0384600938967 0.0384600938967 0.615361502347 0.153840375587 3.7558685446e-05
0.319993750122 0.0199996093826 0.0199996093826 0.319993750122 0.319993750122 1.95308685377e-05
0.65305471685 0.0102039799508 0.0102039799508 0.163263679212 0.163263679212 9.96482417068e-06
0.324871486003 0.0203044678752 0.0050761169688 0.324871486003 0.324871486003 4.95714547735e-06
0.163264899392 0.010204056212 0.010204056212 0.163264899392 0.653059597568 2.49122466113e-06
0.107382374387 0.0268455935966 0.00671139839916 0.429529497546 0.429529497546 1.6385249998e-06
0.109588995282 0.00684931220514 0.00684931220514 0.438355981129 0.438355981129 4.18048840646e-07
0.107382506348 0.0268456265871 0.00671140664677 0.429530025393 0.429530025393 4.09631753343e-07
0.166666666667 0.166666666667 0.166666666667 0.166666666667 0.166666666667 0.166666666667
0.190476190476 0.190476190476 0.047619047619 0.190476190476 0.190476190476 0.190476190476
0.166666666667 0.166666666667 0.166666666667 0.166666666667 0.166666666667 0.166666666667
0.333333333333 0.0833333333333 0.0833333333333 0.0833333333333 0.333333333333 0.0833333333333
0.333333333333 0.0833333333333 0.0833333333333 0.0833333333333 0.333333333333 0.0833333333333
0.121212121212 0.121212121212 0.030303030303 0.121212121212 0.484848484848 0.121212121212
0.152380952381 0.0380952380952 0.00952380952381 0.0380952380952 0.609523809524 0.152380952381
0.166666666667 0.166666666667 0.166666666667 0.166666666667 0.166666666667 0.166666666667
0.0555555555556 0.222222222222 0.0555555555556 0.222222222222 0.222222222222 0.222222222222
0.047619047619 0.190476190476 0.190476190476 0.190476190476 0.190476190476 0.190476190476
0.166666666667 0.166666666667 0.166666666667 0.166666666667 0.166666666667 0.166666666667
0.166666666667 0.166666666667 0.166666666667 0.166666666667 0.166666666667 0.166666666667
0.266666666667 0.0666666666667 0.0666666666667 0.266666666667 0.266666666667 0.0666666666667
0.266666666667 0.0666666666667 0.0666666666667 0.266666666667 0.266666666667 0.0666666666667
0.313725490196 0.0196078431373 0.0196078431373 0.313725490196 0.313725490196 0.0196078431373
0.296296296296 0.0740740740741 0.0185185185185 0.296296296296 0.296296296296 0.0185185185185
0.156862745098 0.0392156862745 0.00980392156863 0.627450980392 0.156862745098 0.00980392156863
0.136752136752 0.136752136752 0.034188034188 0.547008547009 0.136752136752 0.00854700854701
0.300469483568 0.075117370892 0.018779342723 0.300469483568 0.300469483568 0.00469483568075
0.565121412804 0.141280353201 0.00883002207506 0.141280353201 0.141280353201 0.00220750551876
0.301531213192 0.075382803298 0.0188457008245 0.301531213192 0.301531213192 0.00117785630153
0.153753753754 0.0384384384384 0.0384384384384 0.153753753754 0.615015015015 0.000600600600601
0.163239279452 0.0102024549657 0.0102024549657 0.163239279452 0.652957117806 0.000159413358839
0.163239279452 0.0102024549657 0.0102024549657 0.163239279452 0.652957117806 0.000159413358839
0.329870339051 0.00515422404768 0.00515422404768 0.329870339051 0.329870339051 8.05347507449e-05
0.663185589962 0.00259056871079 0.00259056871079 0.16579639749 0.16579639749 4.04776361061e-05
0.442894601681 0.00173005703782 0.00173005703782 0.11072365042 0.442894601681 2.70321412159e-05
0.664476619216 0.00259561179381 0.000648902948453 0.166119154804 0.166119154804 4.05564342783e-05
0.166666666667 0.166666666667 0.166666666667 0.166666666667 0.166666666667 0.166666666667
0.0555555555556 0.222222222222 0.222222222222 0.222222222222 0.0555555555556 0.222222222222
0.111111111111 0.111111111111 0.444444444444 0.111111111111 0.111111111111 0.111111111111
0.266666666667 0.0666666666667 0.266666666667 0.0666666666667 0.266666666667 0.0666666666667
0.592592592593 0.037037037037 0.148148148148 0.037037037037 0.148148148148 0.037037037037
0.533333333333 0.0333333333333 0.133333333333 0.133333333333 0.133333333333 0.0333333333333
0.627450980392 0.00980392156863 0.0392156862745 0.156862745098 0.156862745098 0.00980392156863
0.395061728395 0.00617283950617 0.0987654320988 0.395061728395 0.0987654320988 0.00617283950617
0.304761904762 0.0047619047619 0.0761904761905 0.304761904762 0.304761904762 0.0047619047619
0.158024691358 0.00987654320988 0.0395061728395 0.632098765432 0.158024691358 0.00246913580247
0.141280353201 0.00883002207506 0.141280353201 0.565121412804 0.141280353201 0.00220750551876
0.159501557632 0.00249221183801 0.0398753894081 0.63800623053 0.159501557632 0.000623052959502
0.0998050682261 0.00155945419103 0.0998050682261 0.399220272904 0.399220272904 0.000389863547758
0.159501557632 0.00249221183801 0.0398753894081 0.63800623053 0.159501557632 0.000623052959502
0.431521281079 0.00168563000421 0.0269700800674 0.431521281079 0.10788032027 0.000421407501054
0.430976430976 0.0016835016835 0.026936026936 0.430976430976 0.107744107744 0.0016835016835
0.430976430976 0.0016835016835 0.026936026936 0.430976430976 0.107744107744 0.0016835016835
0.750183150183 0.0029304029304 0.0117216117216 0.187545787546 0.0468864468864 0.000732600732601
0.884856340462 0.000864117519983 0.00345647007993 0.0553035212789 0.0553035212789 0.000216029379996
0.926434831778 0.000226180378852 0.000904721515409 0.0144755442465 0.0579021769861 5.6545094713e-05
0.88499972992 0.00086425754875 0.003457030195 0.05531248312 0.05531248312 5.40160967968e-05
0.882711060826 0.00344809008135 0.00344809008135 0.0551694413017 0.0551694413017 5.38764075211e-05
0.887336339142 0.000866539393693 0.000866539393693 0.0554585211964 0.0554585211964 1.35396780265e-05
0.885035584545 0.000864292563033 0.00345717025213 0.0553147240341 0.0553147240341 1.35045712974e-05
0.968546906232 0.000236461647029 0.000945846588117 0.0151335454099 0.0151335454099 3.69471323483e-06
0.967860320695 0.000945176094429 0.000945176094429 0.0151228175109 0.0151228175109 3.69209411886e-06
0.88734534992 0.000866548193281 0.000866548193281 0.05545908437 0.05545908437 3.38495388e-06
0.968549590117 0.000236462302275 0.000945849209098 0.0151335873456 0.0151335873456 9.2368086826e-07
0.925858133672 0.000904158333664 0.000904158333664 0.0578661333545 0.0144665333386 8.82967122719e-07
0.887347602643 0.000866550393206 0.000866550393206 0.0554592251652 0.0554592251652 8.46240618365e-07
0.927116137305 0.000226346713209 0.000226346713209 0.0579447585816 0.0144861896454 2.21041712118e-07
0.166666666667 0.166666666667 0.166666666667 0.166666666667 0.166666666667 0.166666666667
0.0555555555556 0.222222222222 0.0555555555556 0.222222222222 0.222222222222 0.222222222222
0.047619047619 0.190476190476 0.190476190476 0.190476190476 0.190476190476 0.190476190476
0.166666666667 0.166666666667 0.166666666667 0.166666666667 0.166666666667 0.166666666667
0.166666666667 0.166666666667 0.166666666667 0.166666666667 0.166666666667 0.166666666667
0.266666666667 0.0666666666667 0.0666666666667 0.266666666667 0.266666666667 0.0666666666667
0.266666666667 0.0666666666667 0.0666666666667 0.266666666667 0.266666666667 0.0666666666667
0.313725490196 0.0196078431373 0.0196078431373 0.313725490196 0.313725490196 0.0196078431373
0.296296296296 0.0740740740741 0.0185185185185 0.296296296296 0.296296296296 0.0185185185185
0.156862745098 0.0392156862745 0.00980392156863 0.627450980392 0.156862745098 0.00980392156863
0.136752136752 0.136752136752 0.034188034188 0.547008547009 0.136752136752 0.00854700854701
0.300469483568 0.075117370892 0.018779342723 0.300469483568 0.300469483568 0.00469483568075
0.565121412804 0.141280353201 0.00883002207506 0.141280353201 0.141280353201 0.00220750551876
0.301531213192 0.075382803298 0.0188457008245 0.301531213192 0.301531213192 0.00117785630153
0.153753753754 0.0384384384384 0.0384384384384 0.153753753754 0.615015015015 0.000600600600601
0.163239279452 0.0102024549657 0.0102024549657 0.163239279452 0.652957117806 0.000159413358839
0.163239279452 0.0102024549657 0.0102024549657 0.163239279452 0.652957117806 0.000159413358839
0.329870339051 0.00515422404768 0.00515422404768 0.329870339051 0.329870339051 8.05347507449e-05
0.663185589962 0.00259056871079 0.00259056871079 0.16579639749 0.16579639749 4.04776361061e-05
0.442894601681 0.00173005703782 0.00173005703782 0.11072365042 0.442894601681 2.70321412159e-05
0.664476619216 0.00259561179381 0.000648902948453 0.166119154804 0.166119154804 4.05564342783e-05
0.166666666667 0.166666666667 0.166666666667 0.166666666667 0.166666666667 0.166666666667
0.0555555555556 0.222222222222 0.222222222222 0.222222222222 0.0555555555556 0.222222222222
0.111111111111 0.111111111111 0.444444444444 0.111111111111 0.111111111111 0.111111111111
0.266666666667 0.0666666666667 0.266666666667 0.0666666666667 0.266666666667 0.0666666666667
0.592592592593 0.037037037037 0.148148148148 0.037037037037 0.148148148148 0.037037037037
0.533333333333 0.0333333333333 0.133333333333 0.133333333333 0.133333333333 0.0333333333333
0.627450980392 0.00980392156863 0.0392156862745 0.156862745098 0.156862745098 0.00980392156863
0.426666666667 0.00666666666667 0.0266666666667 0.106666666667 0.426666666667 0.00666666666667
0.158024691358 0.00987654320988 0.0395061728395 0.158024691358 0.632098765432 0.00246913580247
0.428810720268 0.00670016750419 0.0268006700168 0.107202680067 0.428810720268 0.00167504187605
0.396899224806 0.0062015503876 0.0992248062016 0.0992248062016 0.396899224806 0.0015503875969
0.431521281079 0.00168563000421 0.0269700800674 0.10788032027 0.431521281079 0.000421407501054
0.431657708926 0.00168616292549 0.0269786068079 0.107914427232 0.431657708926 0.000105385182843
0.431657708926 0.00168616292549 0.0269786068079 0.107914427232 0.431657708926 0.000105385182843
0.397476952935 0.00621057738962 0.0993692382339 0.0993692382339 0.397476952935 9.70402717128e-05
0.7251803656 0.00283273580312 0.04532377285 0.04532377285 0.1812950914 4.42614969238e-05
0.467139965215 0.00729906195649 0.029196247826 0.029196247826 0.467139965215 2.85119607675e-05
0.179773308316 0.0112358317698 0.044943327079 0.044943327079 0.719093233264 1.09724919626e-05
0.158414309886 0.0099008943679 0.158414309886 0.0396035774716 0.633657239546 9.66884215615e-06
0.0975603946718 0.024390098668 0.390241578687 0.0975603946718 0.390241578687 5.95461393261e-06
0.158415458657 0.00990096616606 0.158415458657 0.0396038646642 0.633661834628 2.41722806789e-06
0.429529497546 0.00671139839916 0.107382374387 0.0268455935966 0.429529497546 1.6385249998e-06
0.324872693834 0.00507613584116 0.324872693834 0.0203045433647 0.324872693834 1.23929097685e-06
0.301886444798 0.0188679027999 0.301886444798 0.0754716111996 0.301886444798 1.1516053955e-06
0.158415745852 0.00990098411576 0.158415745852 0.039603936463 0.633662983409 6.04308112534e-07
0.306220006267 0.00478468759792 0.306220006267 0.0765550015668 0.306220006267 2.92034155147e-07
0.166666666667 0.166666666667 0.166666666667 0.166666666667 0.166666666667 0.166666666667
0.222222222222 0.0555555555556 0.222222222222 0.222222222222 0.222222222222 0.0555555555556
0.380952380952 0.0238095238095 0.0952380952381 0.0952380952381 0.380952380952 0.0238095238095
0.380952380952 0.0238095238095 0.0952380952381 0.0952380952381 0.380952380952 0.0238095238095
0.627450980392 0.00980392156863 0.156862745098 0.0392156862745 0.156862745098 0.00980392156863
0.861952861953 0.013468013468 0.0538720538721 0.013468013468 0.0538720538721 0.003367003367
0.693766937669 0.0433604336043 0.173441734417 0.0433604336043 0.0433604336043 0.00271002710027
0.864135021097 0.0135021097046 0.0540084388186 0.0135021097046 0.0540084388186 0.00084388185654
0.830494728305 0.0129764801298 0.0519059205191 0.0519059205191 0.0519059205191 0.00081103000811
0.615015015015 0.0384384384384 0.153753753754 0.153753753754 0.0384384384384 0.000600600600601
0.831000202881 0.01298437817 0.0519375126801 0.0519375126801 0.0519375126801 0.000202880908906
0.71897489907 0.011233982798 0.0449359311919 0.0449359311919 0.179743724767 0.000175530981218
0.429485163049 0.00671070567264 0.0268428226906 0.107371290762 0.429485163049 0.000104854776135
0.397476952935 0.00621057738962 0.0993692382339 0.0993692382339 0.397476952935 9.70402717128e-05
0.301864544182 0.0188665340113 0.0754661360454 0.301864544182 0.301864544182 7.36973984818e-05
0.566352103426 0.00884925161603 0.141588025856 0.141588025856 0.141588025856 3.45673891251e-05
0.725204439576 0.00283282984209 0.0453252774735 0.181301109894 0.0453252774735 1.10657415707e-05
0.875959433947 0.000855429134713 0.0136868661554 0.0547474646217 0.0547474646217 3.34152005747e-06
0.75238579059 0.000734751748623 0.011756027978 0.188096447648 0.0470241119119 2.87012401806e-06
0.885620873631 0.000216216033601 0.00345945653762 0.0553513046019 0.0553513046019 8.44593881255e-07
0.7595025094 0.000185425417334 0.00296680667734 0.18987562735 0.0474689068375 7.24318036461e-07
0.789476071706 4.81857953922e-05 0.000770972726275 0.197369017926 0.0123355636204 1.88225763251e-07
0.787540709655 0.000192270681068 0.00307633089709 0.196885177414 0.0123053235884 1.87764336981e-07
0.789476183156 4.81858021946e-05 0.000770972835113 0.197369045789 0.0123355653618 4.70564474556e-08
0.789476211018 4.81858038951e-05 0.000770972862322 0.197369052755 0.0123355657972 1.17641122791e-08
0.789362075021 0.000192715350347 0.000770861401388 0.197340518755 0.0123337824222 4.70496460808e-08
0.789362075021 0.000192715350347 0.000770861401388 0.197340518755 0.0123337824222 4.70496460808e-08
0.484389726462 0.000473036842248 0.000473036842248 0.484389726462 0.0302743579039 1.15487510314e-07
0.761621386028 0.000185942721198 0.000185942721198 0.190405346507 0.0476013366267 4.53961721675e-08
0.761833898168 4.64986510112e-05 4.64986510112e-05 0.190458474542 0.0476146186355 1.13522097195e-08
0.166666666667 0.166666666667 0.166666666667 0.166666666667 0.166666666667 0.166666666667
0.266666666667 0.0666666666667 0.266666666667 0.266666666667 0.0666666666667 0.0666666666667
0.533333333333 0.0333333333333 0.133333333333 0.133333333333 0.133333333333 0.0333333333333
0.533333333333 0.0333333333333 0.133333333333 0.133333333333 0.133333333333 0.0333333333333
0.711111111111 0.0111111111111 0.177777777778 0.0444444444444 0.0444444444444 0.0111111111111
0.688172043011 0.0430107526882 0.172043010753 0.0430107526882 0.0430107526882 0.010752688172
0.387878787879 0.0969696969697 0.387878787879 0.0969696969697 0.0242424242424 0.00606060606061
0.613908872902 0.0383693045564 0.153477218225 0.153477218225 0.0383693045564 0.00239808153477
0.864135021097 0.0135021097046 0.0540084388186 0.0540084388186 0.0135021097046 0.00084388185654
0.633271490414 0.00989486703772 0.158317872604 0.158317872604 0.0395794681509 0.000618429189858
0.873533802517 0.00341224141608 0.0545958626573 0.0545958626573 0.0136489656643 0.000213265088505
0.657991967871 0.0025702811245 0.164497991968 0.164497991968 0.010281124498 0.000160642570281
0.638304503662 0.00249337696743 0.159576125916 0.159576125916 0.0398940314789 0.000155836060464
0.429485163049 0.00671070567264 0.107371290762 0.429485163049 0.0268428226906 0.000104854776135
0.750698739977 0.00293241695304 0.0469186712486 0.187674684994 0.0117296678121 4.58190148912e-05
0.873708488315 0.00341292378248 0.0546067805197 0.0546067805197 0.0136516951299 1.33317335253e-05
0.725204439576 0.00283282984209 0.0453252774735 0.181301109894 0.0453252774735 1.10657415707e-05
0.719069563309 0.0112354619267 0.0449418477068 0.179767390827 0.0449418477068 4.38885231512e-05
0.719069563309 0.0112354619267 0.0449418477068 0.179767390827 0.0449418477068 4.38885231512e-05
0.421009353479 0.0263130845925 0.0263130845925 0.421009353479 0.10525233837 0.000102785486689
0.652957117806 0.0102024549657 0.0102024549657 0.163239279452 0.163239279452 0.000159413358839
0.166666666667 0.166666666667 0.166666666667 0.166666666667 0.166666666667 0.166666666667
0.190476190476 0.190476190476 0.047619047619 0.190476190476 0.190476190476 0.190476190476
0.166666666667 0.166666666667 0.166666666667 0.166666666667 0.166666666667 0.166666666667
0.333333333333 0.0833333333333 0.0833333333333 0.0833333333333 0.333333333333 0.0833333333333
0.333333333333 0.0833333333333 0.0833333333333 0.0833333333333 0.333333333333 0.0833333333333
0.592592592593 0.148148148148 0.037037037037 0.037037037037 0.148148148148 0.037037037037
0.735632183908 0.0459770114943 0.0114942528736 0.0114942528736 0.183908045977 0.0114942528736
0.90780141844 0.0141843971631 0.00354609929078 0.0141843971631 0.0567375886525 0.00354609929078
0.87074829932 0.0544217687075 0.00340136054422 0.0136054421769 0.0544217687075 0.00340136054422
0.723163841808 0.045197740113 0.00282485875706 0.045197740113 0.180790960452 0.00282485875706
0.636815920398 0.1592039801 0.00248756218905 0.0398009950249 0.1592039801 0.00248756218905
0.726241134752 0.045390070922 0.000709219858156 0.045390070922 0.181560283688 0.000709219858156
0.913266443701 0.0142697881828 0.000891861761427 0.0142697881828 0.0570791527313 0.000222965440357
0.752249770432 0.011753902663 0.000734618916437 0.047015610652 0.188062442608 0.000183654729109
0.923927141488 0.00360909039644 0.000225568149777 0.0144363615857 0.057745446343 5.63920374443e-05
0.752768205835 0.0117620032162 0.000183781300253 0.0470480128647 0.188192051459 4.59453250632e-05
0.43237537276 0.0270234607975 0.00010556039374 0.10809384319 0.43237537276 2.63900984351e-05
0.43237537276 0.0270234607975 0.00010556039374 0.10809384319 0.43237537276 2.63900984351e-05
0.75289792636 0.0117640300994 4.59532425757e-05 0.0470561203975 0.18822448159 1.14883106439e-05
0.659760603224 0.0103087594254 4.02685915053e-05 0.164940150806 0.164940150806 1.00671478763e-05
0.659765584692 0.0103088372608 4.026889555e-05 0.164941396173 0.164941396173 2.51680597188e-06
0.88580042762 0.00346015792039 1.35162418765e-05 0.0553625267263 0.0553625267263 8.44765117283e-07
0.166666666667 0.166666666667 0.166666666667 0.166666666667 0.166666666667 0.166666666667
0.222222222222 0.222222222222 0.0555555555556 0.222222222222 0.0555555555556 0.222222222222
0.190476190476 0.190476190476 0.190476190476 0.190476190476 0.047619047619 0.190476190476
0.444444444444 0.111111111111 0.111111111111 0.111111111111 0.111111111111 0.111111111111
0.333333333333 0.0833333333333 0.0833333333333 0.0833333333333 0.333333333333 0.0833333333333
0.333333333333 0.0833333333333 0.0833333333333 0.0833333333333 0.333333333333 0.0833333333333
0.380952380952 0.0952380952381 0.0238095238095 0.0238095238095 0.380952380952 0.0952380952381
