Price Resolution OpticalZoom DigitalZoom Weight StorageIncluded
0.166666666667 0.166666666667 0.166666666667 0.166666666667 0.166666666667 0.166666666667
0.222222222222 0.0555555555556 0.222222222222 0.222222222222 0.0555555555556 0.222222222222
0.444444444444 0.111111111111 0.111111111111 0.111111111111 0.111111111111 0.111111111111
0.666666666667 0.0416666666667 0.0416666666667 0.0416666666667 0.166666666667 0.0416666666667
0.166666666667 0.166666666667 0.166666666667 0.166666666667 0.166666666667 0.166666666667
0.222222222222 0.222222222222 0.0555555555556 0.222222222222 0.0555555555556 0.222222222222
0.222222222222 0.222222222222 0.0555555555556 0.222222222222 0.0555555555556 0.222222222222
0.484848484848 0.121212121212 0.030303030303 0.121212121212 0.121212121212 0.121212121212
0.688172043011 0.0430107526882 0.010752688172 0.0430107526882 0.172043010753 0.0430107526882
0.688172043011 0.0430107526882 0.010752688172 0.0430107526882 0.172043010753 0.0430107526882
0.768768768769 0.012012012012 0.003003003003 0.012012012012 0.192192192192 0.012012012012
0.466302367942 0.0291438979964 0.00182149362477 0.0291438979964 0.466302367942 0.00728597449909
0.396899224806 0.0992248062016 0.0015503875969 0.0992248062016 0.396899224806 0.0062015503876
0.301531213192 0.301531213192 0.00117785630153 0.075382803298 0.301531213192 0.0188457008245
0.32477006026 0.32477006026 0.000317158261973 0.0202981287663 0.32477006026 0.00507453219156
0.638304503662 0.159576125916 0.000155836060464 0.0398940314789 0.159576125916 0.00249337696743
0.166666666667 0.166666666667 0.166666666667 0.166666666667 0.166666666667 0.166666666667
0.0666666666667 0.266666666667 0.266666666667 0.266666666667 0.0666666666667 0.0666666666667
0.121212121212 0.484848484848 0.121212121212 0.121212121212 0.121212121212 0.030303030303
0.172043010753 0.688172043011 0.0430107526882 0.0430107526882 0.0430107526882 0.010752688172
0.166666666667 0.166666666667 0.166666666667 0.166666666667 0.166666666667 0.166666666667
0.166666666667 0.166666666667 0.166666666667 0.166666666667 0.166666666667 0.166666666667
