Price Resolution OpticalZoom DigitalZoom Weight StorageIncluded
0.166666666667 0.166666666667 0.166666666667 0.166666666667 0.166666666667 0.166666666667
0.0833333333333 0.0833333333333 0.333333333333 0.333333333333 0.0833333333333 0.0833333333333
0.190476190476 0.190476190476 0.190476190476 0.190476190476 0.190476190476 0.047619047619
0.0888888888889 0.355555555556 0.0888888888889 0.0888888888889 0.355555555556 0.0222222222222
0.166666666667 0.166666666667 0.166666666667 0.166666666667 0.166666666667 0.166666666667
0.0666666666667 0.266666666667 0.266666666667 0.266666666667 0.0666666666667 0.0666666666667
0.121212121212 0.484848484848 0.121212121212 0.121212121212 0.121212121212 0.030303030303
0.0430107526882 0.688172043011 0.0430107526882 0.0430107526882 0.172043010753 0.010752688172
0.166666666667 0.166666666667 0.166666666667 0.166666666667 0.166666666667 0.166666666667
0.222222222222 0.0555555555556 0.222222222222 0.222222222222 0.222222222222 0.0555555555556
0.355555555556 0.0888888888889 0.0888888888889 0.0888888888889 0.355555555556 0.0222222222222
0.45390070922 0.0283687943262 0.0283687943262 0.0283687943262 0.45390070922 0.00709219858156
0.166666666667 0.166666666667 0.166666666667 0.166666666667 0.166666666667 0.166666666667
0.166666666667 0.166666666667 0.166666666667 0.166666666667 0.166666666667 0.166666666667
0.222222222222 0.222222222222 0.0555555555556 0.222222222222 0.222222222222 0.0555555555556
0.533333333333 0.133333333333 0.0333333333333 0.133333333333 0.133333333333 0.0333333333333
0.380952380952 0.380952380952 0.0238095238095 0.0952380952381 0.0952380952381 0.0238095238095
0.177777777778 0.711111111111 0.0111111111111 0.0444444444444 0.0444444444444 0.0111111111111
0.140350877193 0.561403508772 0.00877192982456 0.140350877193 0.140350877193 0.00877192982456
0.141280353201 0.565121412804 0.00220750551876 0.141280353201 0.141280353201 0.00883002207506
0.305854241338 0.305854241338 0.00119474313023 0.0764635603345 0.305854241338 0.00477897252091
0.63800623053 0.159501557632 0.000623052959502 0.0398753894081 0.159501557632 0.00249221183801
0.430976430976 0.430976430976 0.0016835016835 0.026936026936 0.107744107744 0.0016835016835
0.639200998752 0.159800249688 0.000624219725343 0.039950062422 0.159800249688 0.000624219725343
0.752664461595 0.188166115399 0.000183755972069 0.0117603822124 0.0470415288497 0.000183755972069
0.63980006248 0.15995001562 0.000156201187129 0.039987503905 0.15995001562 0.000156201187129
