Price Resolution OpticalZoom DigitalZoom Weight StorageIncluded
0.166666666667 0.166666666667 0.166666666667 0.166666666667 0.166666666667 0.166666666667
0.194444444444 0.194444444444 0.0277777777778 0.194444444444 0.194444444444 0.194444444444
0.0972222222222 0.0972222222222 0.513888888889 0.0972222222222 0.0972222222222 0.0972222222222
0.365740740741 0.0324074074074 0.50462962963 0.0324074074074 0.0324074074074 0.0324074074074
0.341435185185 0.00810185185185 0.126157407407 0.258101851852 0.258101851852 0.00810185185185
0.113811728395 0.336033950617 0.0420524691358 0.419367283951 0.0860339506173 0.00270061728395
0.0379372427984 0.445344650206 0.0140174897119 0.13978909465 0.362011316872 0.000900205761317
0.518968621399 0.222672325103 0.00700874485597 0.0698945473251 0.181005658436 0.000450102880658
0.172989540466 0.407557441701 0.00233624828532 0.356631515775 0.0603352194787 0.000150034293553
0.0576631801555 0.4691858139 0.000778749428441 0.118877171925 0.35344507316 5.00114311843e-05
0.166666666667 0.166666666667 0.166666666667 0.166666666667 0.166666666667 0.166666666667
0.0416666666667 0.291666666667 0.291666666667 0.291666666667 0.0416666666667 0.0416666666667
0.260416666667 0.322916666667 0.0729166666667 0.0729166666667 0.260416666667 0.0104166666667
0.0868055555556 0.440972222222 0.0243055555556 0.0243055555556 0.420138888889 0.00347222222222
0.166666666667 0.166666666667 0.166666666667 0.166666666667 0.166666666667 0.166666666667
0.0333333333333 0.233333333333 0.233333333333 0.233333333333 0.233333333333 0.0333333333333
0.258333333333 0.308333333333 0.0583333333333 0.0583333333333 0.308333333333 0.00833333333333
0.0861111111111 0.436111111111 0.0194444444444 0.0194444444444 0.436111111111 0.00277777777778
0.166666666667 0.166666666667 0.166666666667 0.166666666667 0.166666666667 0.166666666667
0.166666666667 0.166666666667 0.166666666667 0.166666666667 0.166666666667 0.166666666667
0.233333333333 0.0333333333333 0.233333333333 0.233333333333 0.0333333333333 0.233333333333
0.308333333333 0.258333333333 0.0583333333333 0.0583333333333 0.258333333333 0.0583333333333
